Date,Price,Volume
"2021-04-01T00:01:08.588Z",1.000019966988,111253962206.1203
"2021-04-01T05:24:00.856Z",1.00131457211056,113421421990.72954
"2021-03-31 22:26:07.606000-07:00",1.00128033617788,113417758326.33519
"2021-03-31 23:57:32.863000-07:00",1.00034617405001,114703027078.16382
"2021-04-01 00:00:28.718000-07:00",1.00041698482399,114566564573.82895
"2021-04-01 00:01:30.463000-07:00",1.00044091372304,114572008725.60326
"2021-04-01 00:04:19.479000-07:00",1.00052960115565,114346271740.06837
"2021-04-01 00:05:04.785000-07:00",1.00052960115565,114346271740.06837
"2021-04-01 00:10:04.521000-07:00",1.00044723638969,114258642501.86185
"2021-04-01 00:15:05.875000-07:00",1.00047209807561,114519535954.6297
"2021-04-01 00:20:09.615000-07:00",1.0004302601227,114603534738.5094
"2021-04-01 00:25:04.360000-07:00",1.00036283875315,114891328879.09012
"2021-04-01 00:30:06.679000-07:00",1.00059539298779,115036855328.34016
"2021-04-01 00:35:04.945000-07:00",1.00056653061701,114889235600.96693
"2021-04-01 00:40:04.860000-07:00",1.00046035592525,115343233008.15442
"2021-04-01 00:45:04.393000-07:00",1.00047182421701,115338244407.38683
"2021-04-01 00:50:09.833000-07:00",1.00055219860003,115379602679.70752
"2021-04-01 00:55:05.257000-07:00",1.00052491698513,115169643173.01437
"2021-04-01 01:00:09.147000-07:00",1.0006261539136,113995770849.546
"2021-04-01 01:05:04.564000-07:00",1.00067104513309,113207484878.21173
"2021-04-01 01:10:06.860000-07:00",1.0005527250443,111905679347.86356
"2021-04-01 01:15:05.547000-07:00",1.00061685822595,110921203381.86906
"2021-04-01 01:20:03.992000-07:00",1.00049004866969,110664259488.1882
"2021-04-01 01:25:09.066000-07:00",1.0003253097167,110628889536.35228
"2021-04-01 01:30:08.819000-07:00",1.00019587839445,110862471550.9427
"2021-04-01 01:35:04.195000-07:00",1.00015544998281,110833775517.95741
"2021-04-01 01:40:04.456000-07:00",1.00010921442685,110918706750.15817
"2021-04-01 01:45:04.496000-07:00",1.00016115570575,110969604375.1876
"2021-04-01 01:50:05.286000-07:00",1.00034813647538,111024498744.64598
"2021-04-01 01:55:03.809000-07:00",1.00026080117774,110991026378.59586
"2021-04-01 02:05:03.860000-07:00",1.00043468357727,111510289818.62492
"2021-04-01 02:10:05.779000-07:00",1.00050672369076,111570673846.01419
"2021-04-01 02:15:06.113000-07:00",1.00042197260883,111951446386.26247
"2021-04-01 02:20:04.795000-07:00",1.0004942149435,111910465327.4552
"2021-04-01 02:25:03.697000-07:00",1.00056704966279,111973375047.29332
"2021-04-01 02:30:05.465000-07:00",1.00057080392704,111631830169.83727
"2021-04-01 02:35:03.499000-07:00",1.00069072624238,111615570339.17416
"2021-04-01 02:40:03.659000-07:00",1.00071617110759,112033520014.64346
"2021-04-01 02:45:04.780000-07:00",1.00063610590171,112195204562.8157
"2021-04-01 02:50:03.800000-07:00",1.00085235882391,112289768848.51439
"2021-04-01 02:55:03.818000-07:00",1.00084476415687,112387594750.26099
"2021-04-01 03:05:04.378000-07:00",1.00095448864342,112595843316.26982
"2021-04-01 03:10:03.606000-07:00",1.00134512409772,112605676172.79608
"2021-04-01 03:15:03.678000-07:00",1.00150773318413,112626851485.65588
"2021-04-01 03:20:05.985000-07:00",1.00150315794622,112581660789.98344
"2021-04-01 03:25:03.988000-07:00",1.00132822436292,112446119752.37013
"2021-04-01 03:30:04.785000-07:00",1.00094309018422,112309083923.3002
"2021-04-01 03:35:04.349000-07:00",1.00074841576486,112146089003.25772
"2021-04-01 03:40:04.518000-07:00",1.00058714011739,111713331276.41719
"2021-04-01 03:45:05.267000-07:00",1.00048220329495,112041757607.35342
"2021-04-01 03:50:05.403000-07:00",1.00041772437959,112204252366.99161
"2021-04-01 03:55:03.377000-07:00",1.00045369061234,112309453668.0566
"2021-04-01 04:00:07.199000-07:00",1.00042483906516,112659239388.08553
"2021-04-01 04:05:04.243000-07:00",1.00054172346004,112388354870.79579
"2021-04-01 04:10:05.147000-07:00",1.00060292743119,112336610197.76878
"2021-04-01 04:15:04.133000-07:00",1.00055615740261,112950090692.42966
"2021-04-01 04:20:06.388000-07:00",1.00081807923147,112917320184.58607
"2021-04-01 04:25:03.686000-07:00",1.00078390017586,112909343710.6022
"2021-04-01 04:30:04.254000-07:00",1.00057684037976,113177429618.468
"2021-04-01 04:35:04.148000-07:00",1.00057646606518,113350146247.47574
"2021-04-01 04:40:06.482000-07:00",1.00058518777327,113982848817.6064
"2021-04-01 04:45:03.504000-07:00",1.00063071017439,114154280934.48987
"2021-04-01 04:50:04.158000-07:00",1.00056159210993,114393647043.54456
"2021-04-01 04:55:04.288000-07:00",1.00059595138586,114565891723.46927
"2021-04-01 05:00:05.699000-07:00",1.00066685709385,114673683115.29022
"2021-04-01 05:05:03.926000-07:00",1.00049131171256,114570177625.08527
"2021-04-01 05:10:04.643000-07:00",1.00055347855294,114720241390.80612
"2021-04-01 05:15:03.625000-07:00",1.00058959581411,114892474193.94583
"2021-04-01 05:20:04.284000-07:00",1.00054405716433,114844917175.67859
"2021-04-01 05:25:04.182000-07:00",1.00052660866438,114938820827.49478
"2021-04-01 05:30:13.672000-07:00",1.00045629834781,114905980272.88913
"2021-04-01 05:35:04.591000-07:00",1.00058770120715,114897933955.54108
"2021-04-01 05:40:05.782000-07:00",1.00061153314882,114848188269.881
"2021-04-01 05:45:05.391000-07:00",1.00054505102496,114884698463.53406
"2021-04-01 05:50:04.697000-07:00",1.00045120829222,114878148631.49992
"2021-04-01 05:55:04.002000-07:00",1.00042542155922,115126100810.89618
"2021-04-01 06:05:04.450000-07:00",1.00047805022305,115041788834.34233
"2021-04-01 06:10:04.251000-07:00",1.00047304710649,115261729879.11687
"2021-04-01 06:15:05.037000-07:00",1.00055182549755,115380461105.04831
"2021-04-01 06:20:04.209000-07:00",1.0005594692376,115308038745.0836
"2021-04-01 06:25:04.277000-07:00",1.00049431475504,115376126910.77733
"2021-04-01 06:30:04.918000-07:00",1.00044638303301,115516536453.8347
"2021-04-01 06:35:03.988000-07:00",1.00053247553488,115493728809.93127
"2021-04-01 06:40:04.498000-07:00",1.0004653305634,115759887171.67044
"2021-04-01 06:45:03.461000-07:00",1.00047698172546,115689560668.47552
"2021-04-01 06:50:04.436000-07:00",1.00044679978783,115600571592.23198
"2021-04-01 06:55:03.398000-07:00",1.00037882828657,115603055380.83296
"2021-04-01 07:00:11.551000-07:00",1.00053726178384,115507449733.36055
"2021-04-01 07:05:04.715000-07:00",1.00036066145753,115296678658.17851
"2021-04-01 07:10:03.829000-07:00",1.00035058697293,115278411904.86057
"2021-04-01 07:15:06.316000-07:00",1.00035666181718,115425282007.88063
"2021-04-01 07:20:03.568000-07:00",1.00041870868056,115448332971.65028
"2021-04-01 07:25:03.612000-07:00",1.00052433674613,115566555321.49272
"2021-04-01 07:30:04.201000-07:00",1.00033525254125,115638948420.86456
"2021-04-01 07:35:04.453000-07:00",1.00033078979978,115574410469.9369
"2021-04-01 07:40:03.574000-07:00",1.00034394774119,115702510507.25523
"2021-04-01 07:45:04.604000-07:00",1.00054788874386,115794742576.94621
"2021-04-01 07:50:03.943000-07:00",1.00034004323321,115786787738.51035
"2021-04-01 07:55:03.951000-07:00",1.00045885644918,115846829268.50206
"2021-04-01 08:00:05.049000-07:00",1.00036664087612,116037409056.97624
"2021-04-01 08:05:04.354000-07:00",1.0004159060998,115880518872.82596
"2021-04-01 08:10:05.793000-07:00",1.00022234175541,115802854998.60022
"2021-04-01 08:15:04.743000-07:00",1.00045897242739,115649168287.21835
"2021-04-01 08:20:04.517000-07:00",1.00058194528765,115553224591.50562
"2021-04-01 08:25:04.012000-07:00",1.00035612744663,115688030628.64178
"2021-04-01 08:30:11.533000-07:00",1.0004548063101,115459077171.9863
"2021-04-01 08:35:04.747000-07:00",1.000567578328,115365265926.33044
"2021-04-01 08:40:07.850000-07:00",1.00055211674484,115263987966.28961
"2021-04-01 08:45:04.300000-07:00",1.00058478502261,115054080777.53506
"2021-04-01 08:50:04.747000-07:00",1.00065897168991,115059305690.42911
"2021-04-01 08:55:04.769000-07:00",1.00069291362368,114923392165.4852
"2021-04-01 09:01:28.724000-07:00",1.00059428778976,114848630761.27939
"2021-04-01 09:05:05.526000-07:00",1.00051367022643,111180598234.00507
"2021-04-01 09:10:04.099000-07:00",1.00054196066017,111022917284.5988
"2021-04-01 09:15:06.479000-07:00",1.00054305403924,111316094672.0651
"2021-04-01 09:20:03.811000-07:00",1.00039042089902,111379010695.42545
"2021-04-01 09:25:04.349000-07:00",1.00047893134443,111331607881.91263
"2021-04-01 09:30:08.016000-07:00",1.00044622263823,111237423968.90479
"2021-04-01 09:35:04.191000-07:00",1.00051107845115,111078716723.67563
"2021-04-01 09:40:05.287000-07:00",1.000583699827,110877715971.16801
"2021-04-01 09:45:04.192000-07:00",1.00062720787094,110740429345.82382
"2021-04-01 09:50:04.575000-07:00",1.00054726937863,110594821934.11827
"2021-04-01 09:55:03.581000-07:00",1.00072390422062,110545570002.20317
"2021-04-01 10:00:06.606000-07:00",1.00057852068256,110217806316.58583
"2021-04-01 10:05:04.130000-07:00",1.00072268011838,109834220968.42758
"2021-04-01 10:10:04.470000-07:00",1.0007348051278,109626197244.39615
"2021-04-01 10:15:03.985000-07:00",1.00073324615086,109543453422.22028
"2021-04-01 10:20:05.563000-07:00",1.00075148240507,109550993877.55853
"2021-04-01 10:25:04.956000-07:00",1.00075902076558,109439984211.50395
"2021-04-01 10:30:08.603000-07:00",1.00074614816727,109311728456.29356
"2021-04-01 10:35:04.097000-07:00",1.00073256810703,109234425541.77895
"2021-04-01 10:40:05.542000-07:00",1.00064259519096,109125637624.84744
"2021-04-01 10:45:04.607000-07:00",1.00070918905272,109370367285.22942
"2021-04-01 10:50:03.763000-07:00",1.00069033270784,109362820554.2058
"2021-04-01 10:55:04.072000-07:00",1.00084316883211,109425114654.13397
"2021-04-01 11:05:03.730000-07:00",1.00084240016915,109663588709.99779
"2021-04-01 11:10:04.650000-07:00",1.00100712741107,110036239990.24153
"2021-04-01 11:15:04.303000-07:00",1.00098305435794,110086955042.43222
"2021-04-01 11:20:03.872000-07:00",1.00103870290189,109987239648.33678
"2021-04-01 11:25:04.478000-07:00",1.00107441371752,110355081672.175
"2021-04-01 11:30:04.624000-07:00",1.00094221676608,111375869222.09897
"2021-04-01 11:35:04.365000-07:00",1.00087065461733,111679178495.37035
"2021-04-01 11:40:03.692000-07:00",1.00083188967974,112019385045.04504
"2021-04-01 11:45:03.688000-07:00",1.00087916593087,112031717219.3258
"2021-04-01 11:50:03.998000-07:00",1.00077053208045,112175969239.68776
"2021-04-01 11:55:06.087000-07:00",1.00066813807211,112633502103.66756
"2021-04-01 12:00:11.356000-07:00",1.00059949198781,112665628281.4971
"2021-04-01 12:05:03.633000-07:00",1.00065771900318,112559641254.70976
"2021-04-01 12:10:03.992000-07:00",1.00085743319436,112461262374.29996
"2021-04-01 12:15:04.982000-07:00",1.00053170524181,112552994070.87259
"2021-04-01 12:20:04.500000-07:00",1.00039793315441,112763880114.31412
"2021-04-01 12:25:03.602000-07:00",1.00036471428734,112801931468.84764
"2021-04-01 12:30:04.125000-07:00",1.00028264313961,112897120809.9107
"2021-04-01 12:35:04.274000-07:00",1.00032012265467,112966331121.47949
"2021-04-01 12:40:03.895000-07:00",1.00022312512836,112726731826.16943
"2021-04-01 12:45:04.116000-07:00",1.00026784201521,112443804434.04848
"2021-04-01 12:50:05.527000-07:00",1.00022833865594,112444639847.36061
"2021-04-01 12:55:04.016000-07:00",1.00027597134939,112334035314.71803
"2021-04-01 13:00:12.727000-07:00",1.00025322976082,112328393561.50902
"2021-04-01 13:05:03.911000-07:00",1.00029682951652,111693150703.28836
"2021-04-01 13:10:05.572000-07:00",1.00036461381568,111225963797.318
"2021-04-01 13:15:05.604000-07:00",1.0003247412755,111074852772.19435
"2021-04-01 13:20:09.444000-07:00",1.00026242434667,111080533949.24585
"2021-04-01 13:25:03.469000-07:00",1.00035797910272,110798671274.85645
"2021-04-01 13:30:14.399000-07:00",1.00041918724843,110673731070.82196
"2021-04-01 13:35:04.635000-07:00",1.00031931080045,110654262648.67636
"2021-04-01 13:40:03.927000-07:00",1.00038171336806,110683225823.25473
"2021-04-01 13:45:04.680000-07:00",1.00050945310516,110589047566.20126
"2021-04-01 13:50:04.250000-07:00",1.00044899138577,110541184438.66269
"2021-04-01 13:55:04.311000-07:00",1.00053338361888,110538647098.6321
"2021-04-01 14:00:11.151000-07:00",1.00057244591227,110358302656.9692
"2021-04-01 14:05:03.915000-07:00",1.0005903162335,110076572299.29518
"2021-04-01 14:10:04.228000-07:00",1.00061378403117,109926582244.41035
"2021-04-01 14:15:05.277000-07:00",1.00070920281611,109969201547.60461
"2021-04-01 14:20:04.312000-07:00",1.00066780448363,109900800989.7496
"2021-04-01 14:25:08.940000-07:00",1.00078083937371,109856521748.07999
"2021-04-01 14:30:06.987000-07:00",1.00070156167403,109726354788.602
"2021-04-01 14:35:04.089000-07:00",1.00074764206053,109658936888.87007
"2021-04-01 14:40:04.247000-07:00",1.00066786600228,109524496374.81018
"2021-04-01 14:45:04.921000-07:00",1.00072875413859,109592079519.92413
"2021-04-01 14:50:04.042000-07:00",1.0006715533314,109443341678.86678
"2021-04-01 14:55:04.051000-07:00",1.0006196883389,109548369908.72511
"2021-04-01 15:05:03.822000-07:00",1.00060112428826,109116384303.53181
"2021-04-01 15:10:04.901000-07:00",1.00058094554364,108929647662.43245
"2021-04-01 15:15:04.483000-07:00",1.00060959266285,109048117757.75554
"2021-04-01 15:20:03.869000-07:00",1.0006041984923,108904497259.27902
"2021-04-01 15:25:03.840000-07:00",1.00058914040549,108799567409.49954
"2021-04-01 15:30:05.177000-07:00",1.0005960090507,108684186730.23193
"2021-04-01 15:35:03.486000-07:00",1.00065344211364,108631503784.40047
"2021-04-01 15:40:03.654000-07:00",1.0005746089805,108657359909.7037
"2021-04-01 15:45:03.990000-07:00",1.00058903099634,108474567586.18152
"2021-04-01 15:50:03.844000-07:00",1.00053735138375,108450171226.25055
"2021-04-01 15:55:03.957000-07:00",1.00050436384126,108366763270.86603
"2021-04-01 16:00:11.563000-07:00",1.00042212965226,108414263749.58284
"2021-04-01 16:05:03.848000-07:00",1.00036388422363,108179178541.6327
"2021-04-01 16:10:04.432000-07:00",1.00033739541395,107981955791.34978
"2021-04-01 16:15:08.714000-07:00",1.00030121179319,108008187895.41618
"2021-04-01 16:20:04.136000-07:00",1.00035729640896,107945583321.78964
"2021-04-01 16:25:04.649000-07:00",1.00047486694058,107849208444.94026
"2021-04-01 16:30:05.705000-07:00",1.00034412915366,107874064988.33054
"2021-04-01 16:35:03.627000-07:00",1.00047412091744,107931346789.7033
"2021-04-01 16:40:03.954000-07:00",1.00037904665779,107920570787.20712
"2021-04-01 16:45:03.994000-07:00",1.00042473465812,107984989377.78923
"2021-04-01 16:50:04.580000-07:00",1.00049286504547,108108044682.54971
"2021-04-01 16:55:05.912000-07:00",1.00048333874222,108207205127.46472
"2021-04-01 17:00:11.597000-07:00",1.00057021453705,108280062120.58125
"2021-04-01 17:05:04.573000-07:00",1.00052357349441,107649765016.20537
"2021-04-01 17:10:04.483000-07:00",1.00065976985929,107379801748.79826
"2021-04-01 17:15:04.394000-07:00",1.00055676861391,107960603427.85771
"2021-04-01 17:20:04.543000-07:00",1.00051158268591,107981893572.86475
"2021-04-01 17:25:12.004000-07:00",1.00049418391404,107957823127.72887
"2021-04-01 17:30:05.648000-07:00",1.00051131538898,108076479759.8952
"2021-04-01 17:35:05.013000-07:00",1.00040264779492,108201140507.35777
"2021-04-01 17:40:04.162000-07:00",1.00038494707451,108315991321.61862
"2021-04-01 17:45:04.966000-07:00",1.00039517172391,108308869165.81253
"2021-04-01 17:50:04.018000-07:00",1.00046032120922,108253306658.7735
"2021-04-01 17:55:04.180000-07:00",1.00054121393676,108331327459.42
"2021-04-01 18:05:04.711000-07:00",1.00041508459172,108463606735.22377
"2021-04-01 18:10:04.119000-07:00",1.00033299910404,108543125447.52617
"2021-04-01 18:15:04.290000-07:00",1.00034041823569,108525055186.21648
"2021-04-01 18:20:03.594000-07:00",1.00034936201476,108619849611.72499
"2021-04-01 18:25:08.742000-07:00",1.0004020922542,108637075389.41484
"2021-04-01 18:30:06.569000-07:00",1.00041748622273,108651916305.47348
"2021-04-01 18:35:04.631000-07:00",1.00038993362015,108771125781.57579
"2021-04-01 18:40:04.520000-07:00",1.00037994433238,108885083085.44276
"2021-04-01 18:45:04.067000-07:00",1.00042434579364,108935628584.99803
"2021-04-01 18:50:04.996000-07:00",1.00035400245296,108955313062.32741
"2021-04-01 18:55:04.393000-07:00",1.0003619319175,109147657937.32732
"2021-04-01 19:00:11.269000-07:00",1.00017210057044,109298619913.18748
"2021-04-01 19:05:04.145000-07:00",1.00017461010157,109200509640.78714
"2021-04-01 19:10:09.570000-07:00",1.00005685131826,109231663261.2824
"2021-04-01 19:15:04.571000-07:00",0.99987905252024,109532328927.57066
"2021-04-01 19:20:04.326000-07:00",0.99977456379494,109646849890.78925
"2021-04-01 19:25:04.127000-07:00",0.99968737844175,109945589369.83107
"2021-04-01 19:30:16.608000-07:00",0.99977280402572,110157548926.91463
"2021-04-01 19:35:06.147000-07:00",0.99951932286836,110419054180.96204
"2021-04-01 19:40:05.656000-07:00",0.9990169981207,111413015193.15842
"2021-04-01 19:45:04.252000-07:00",0.99849496404475,111814407492.35509
"2021-04-01 19:50:15.008000-07:00",0.99857904646376,111964173204.1782
"2021-04-01 19:55:03.998000-07:00",0.9984920527812,112262930229.30368
"2021-04-01 20:00:08.833000-07:00",0.99855846490065,112644269293.90326
"2021-04-01 20:05:03.764000-07:00",0.99852703604447,112881923041.05959
"2021-04-01 20:10:05.781000-07:00",0.99860205907926,113173162648.22899
"2021-04-01 20:15:05.111000-07:00",0.99871302344042,113252439846.197
"2021-04-01 20:20:03.627000-07:00",0.99883545268003,113359857552.25793
"2021-04-01 20:25:03.656000-07:00",0.99883326179051,113559521218.75908
"2021-04-01 20:30:04.634000-07:00",0.99895331353262,113856821348.3327
"2021-04-01 20:35:04.627000-07:00",0.99898691604556,113939711045.43665
"2021-04-01 20:40:06.408000-07:00",0.99909093743665,113986330779.63628
"2021-04-01 20:45:04.011000-07:00",0.9990849705077,113940930706.7081
"2021-04-01 20:50:04.259000-07:00",0.99907891670872,113895368077.88419
"2021-04-01 20:55:03.949000-07:00",0.99914948353625,113884955340.7629
"2021-04-01 21:00:07.977000-07:00",0.99912407797693,113862845289.68974
"2021-04-01 21:05:04.197000-07:00",0.99915317331742,113724567066.32278
"2021-04-01 21:10:04.552000-07:00",0.99915960639983,113701833151.01376
"2021-04-01 21:15:04.430000-07:00",0.99931543037256,113703001370.74583
"2021-04-01 21:20:04.397000-07:00",0.99944876024295,113800493935.81882
"2021-04-01 21:25:03.754000-07:00",0.9994465787071,113862757665.0072
"2021-04-01 21:30:06.136000-07:00",0.99949800012512,113917524508.87321
"2021-04-01 21:35:04.366000-07:00",0.99954665487729,113953228882.89658
"2021-04-01 21:40:04.700000-07:00",0.99977677245866,114094422001.45618
"2021-04-01 21:45:04.659000-07:00",0.99990966156381,114175032250.3262
"2021-04-01 21:50:04.733000-07:00",0.99990423932523,114209677510.10587
"2021-04-01 21:55:03.593000-07:00",0.99997158569444,113984834732.66669
"2021-04-01 22:05:04.572000-07:00",0.9996966566355,113154836041.49884
"2021-04-01 22:10:03.826000-07:00",0.99985282474711,113356612809.24977
"2021-04-01 22:15:04.207000-07:00",1.00018857233726,113434536566.86763
"2021-04-01 22:20:04.275000-07:00",1.00039307057876,113577639298.54523
"2021-04-01 22:25:05.472000-07:00",1.00056725578649,113703888312.82698
"2021-04-01 22:30:04.533000-07:00",1.00070369556039,113751131439.489
"2021-04-01 22:35:04.126000-07:00",1.00076110251297,113635986816.61429
"2021-04-01 22:40:04.697000-07:00",1.00078889971698,113468169782.1625
"2021-04-01 22:45:04.354000-07:00",1.00080857918821,113427872333.6625
"2021-04-01 22:50:03.943000-07:00",1.00077920130716,113458207639.99593
"2021-04-01 22:55:05.615000-07:00",1.00064292902429,113387953052.23216
"2021-04-01 23:05:04.518000-07:00",1.0003770416317,113060056655.06166
"2021-04-01 23:10:08.944000-07:00",1.00035444809103,112847465118.87991
"2021-04-01 23:15:08.050000-07:00",1.00031748890151,112855598219.33913
"2021-04-01 23:20:04.942000-07:00",1.00017302317549,112830925267.90205
"2021-04-01 23:25:03.916000-07:00",1.00003734446369,112855532836.67522
"2021-04-01 23:30:10.119000-07:00",0.99992467253037,112904546962.07184
"2021-04-01 23:35:20.923000-07:00",1.00000727106652,112790150648.19748
"2021-04-01 23:40:05.158000-07:00",0.99998308806218,112744978802.82713
"2021-04-01 23:45:04.285000-07:00",0.99999548484709,112727563517.68898
"2021-04-01 23:50:03.919000-07:00",0.99984545311438,112799485922.88826
"2021-04-01 23:55:04.317000-07:00",0.99979483268309,112996925867.44986
"2021-04-02 00:05:04.282000-07:00",0.99976893418592,112583509961.4833
"2021-04-02 00:10:05.435000-07:00",0.99978801507639,112380119519.38432
"2021-04-02 00:15:05.250000-07:00",0.99975000870155,112300418915.9536
"2021-04-02 00:20:05.678000-07:00",0.9997927584757,112290310369.66391
"2021-04-02 00:25:04.001000-07:00",0.99977285783453,112334807797.00986
"2021-04-02 00:30:05.662000-07:00",0.99981811174774,112335363308.94104
"2021-04-02 00:35:05.280000-07:00",0.99985563539754,112329049719.49432
"2021-04-02 00:40:04.870000-07:00",0.99996345662024,112302371679.9891
"2021-04-02 00:45:04.215000-07:00",0.99998625921991,112229516600.46638
"2021-04-02 00:50:06.191000-07:00",0.9999302035811,112126377645.97801
"2021-04-02 00:55:05.096000-07:00",0.99997472545623,112148446163.56981
"2021-04-02 01:00:05.066000-07:00",0.99982550087839,112059172810.78993
"2021-04-02 01:05:04.769000-07:00",0.99994350966012,111342891081.95888
"2021-04-02 01:10:03.909000-07:00",1.00000533811161,111182231353.29199
"2021-04-02 01:15:04.263000-07:00",1.00014970379949,111086225129.66745
"2021-04-02 01:20:05.830000-07:00",1.0001769578768,110923612687.80264
"2021-04-02 01:25:04.223000-07:00",1.00028427903513,110669963154.75198
"2021-04-02 01:30:08.321000-07:00",1.00022452972055,110736850531.0905
"2021-04-02 01:35:09.187000-07:00",1.00027060440321,110634098515.03215
"2021-04-02 01:40:05.586000-07:00",1.00035417635386,110452565969.3318
"2021-04-02 01:45:04.543000-07:00",1.00041976253235,110417642355.22267
"2021-04-02 01:50:03.636000-07:00",1.00037125580755,110309452760.38513
"2021-04-02 01:55:04.022000-07:00",1.00049008215343,109980482095.19966
"2021-04-02 02:00:07.642000-07:00",1.00035930547516,109631547908.18141
"2021-04-02 02:05:04.134000-07:00",1.00053087631611,109186187395.85936
"2021-04-02 02:10:05.664000-07:00",1.00058735501655,108942309083.7323
"2021-04-02 02:15:03.821000-07:00",1.000495592206,108930222873.14511
"2021-04-02 02:20:06.291000-07:00",1.00046479782985,108863951875.46402
"2021-04-02 02:25:03.488000-07:00",1.00050382061692,108871825502.71756
"2021-04-02 02:30:05.373000-07:00",1.00067769287553,108744724972.02608
"2021-04-02 02:35:04.214000-07:00",1.00066092630251,108781349720.85838
"2021-04-02 02:40:05.308000-07:00",1.00063949234067,108804062992.71974
"2021-04-02 02:45:04.485000-07:00",1.00049660927792,109006041615.37325
"2021-04-02 02:50:04.284000-07:00",1.00047485217265,108997588182.22302
"2021-04-02 02:55:04.083000-07:00",1.0005724729912,109065770447.05876
"2021-04-02 03:05:03.696000-07:00",1.000960871368,108700626503.05109
"2021-04-02 03:10:03.719000-07:00",1.00122757947848,108572386171.45
"2021-04-02 03:15:04.209000-07:00",1.00125588003906,108566215431.12378
"2021-04-02 03:20:04.887000-07:00",1.00101030051482,108458791107.49887
"2021-04-02 03:25:03.877000-07:00",1.00097939342306,108527840685.66554
"2021-04-02 03:30:04.282000-07:00",1.00138568097393,108493480449.004
"2021-04-02 03:35:04.149000-07:00",1.00180391036588,108467077201.12485
"2021-04-02 03:40:07.562000-07:00",1.00185538043061,108242382958.24956
"2021-04-02 03:45:03.825000-07:00",1.00179731988057,107910764201.45924
"2021-04-02 03:50:03.757000-07:00",1.00141494751585,107698796221.70468
"2021-04-02 03:55:03.763000-07:00",1.00129586611773,107434534776.53679
"2021-04-02 04:00:06.535000-07:00",1.00156848628042,107414779208.21483
"2021-04-02 04:05:03.430000-07:00",1.00179086918617,107111991609.98854
"2021-04-02 04:10:04.505000-07:00",1.00170150907658,106634766492.92133
"2021-04-02 04:15:04.156000-07:00",1.00156273461165,106322168990.03616
"2021-04-02 04:20:04.369000-07:00",1.00173331830701,106237189470.5937
"2021-04-02 04:25:04.383000-07:00",1.00170318882425,106016769657.1881
"2021-04-02 04:30:04.761000-07:00",1.00162882193641,105818560457.33272
"2021-04-02 04:35:03.723000-07:00",1.00165247681429,105702958899.7059
"2021-04-02 04:40:05.525000-07:00",1.00165875589858,105488911005.67305
"2021-04-02 04:45:03.542000-07:00",1.00157191857527,105418513094.43729
"2021-04-02 04:50:04.448000-07:00",1.00190536481539,105337759218.98004
"2021-04-02 04:55:04.294000-07:00",1.00207129500853,105211702646.00804
"2021-04-02 05:00:10.368000-07:00",1.00193820404226,105182369114.0368
"2021-04-02 05:05:04.338000-07:00",1.0019662194719,104919524148.7701
"2021-04-02 05:10:04.641000-07:00",1.00212790336913,104684324237.06287
"2021-04-02 05:15:03.741000-07:00",1.00202386463886,104570690885.6814
"2021-04-02 05:20:04.301000-07:00",1.00193814595968,104589359048.79643
"2021-04-02 05:25:04.364000-07:00",1.0022940692949,104730238769.40134
"2021-04-02 05:30:06.147000-07:00",1.00227635872902,104699421104.15326
"2021-04-02 05:35:04.444000-07:00",1.00192652571441,104672933436.1698
"2021-04-02 05:40:05.085000-07:00",1.00168256659566,104645748657.59904
"2021-04-02 05:45:05.849000-07:00",1.00141843208526,104566362430.98503
"2021-04-02 05:50:05.451000-07:00",1.00166726413365,104415394825.1507
"2021-04-02 05:55:04.411000-07:00",1.00165055789717,104732727303.27748
"2021-04-02 06:05:03.872000-07:00",1.00156260582245,104412677780.69293
"2021-04-02 06:10:03.996000-07:00",1.00153089369108,104186185339.82481
"2021-04-02 06:15:04.947000-07:00",1.00181074199338,104099118367.58205
"2021-04-02 06:20:04.757000-07:00",1.00185007555418,104122797703.195
"2021-04-02 06:25:04.432000-07:00",1.00184619326627,104032217443.9039
"2021-04-02 06:30:05.860000-07:00",1.00195103412917,104004749496.8626
"2021-04-02 06:35:04.047000-07:00",1.00176055850644,103868064351.96417
"2021-04-02 06:40:05.437000-07:00",1.00130687608757,103636033092.84715
"2021-04-02 06:45:03.905000-07:00",1.00090078494975,103941738814.637
"2021-04-02 06:50:04.162000-07:00",1.00079686070534,103915237938.19824
"2021-04-02 06:55:04.157000-07:00",1.00071266399904,103483856047.10776
"2021-04-02 07:00:05.161000-07:00",1.00058361485396,103413820579.34988
"2021-04-02 07:05:05.633000-07:00",1.00055464150522,103224582762.93465
"2021-04-02 07:10:05.284000-07:00",1.00045368673422,103308139546.79004
"2021-04-02 07:15:05.059000-07:00",1.00054510112764,103448240480.03906
"2021-04-02 07:20:07.196000-07:00",1.0007339344471,103513981866.13686
"2021-04-02 07:25:03.837000-07:00",1.00122353743753,103544418155.36215
"2021-04-02 07:30:07.187000-07:00",1.00143015222018,103493454765.11201
"2021-04-02 07:35:04.919000-07:00",1.00159626984069,103444622328.07578
"2021-04-02 07:40:04.190000-07:00",1.00178216473879,103452406887.05037
"2021-04-02 07:45:04.306000-07:00",1.00168416259404,103670774954.88393
"2021-04-02 07:50:04.248000-07:00",1.00138759533929,104011466007.97871
"2021-04-02 07:55:04.408000-07:00",1.00145508480715,104282655173.2525
"2021-04-02 08:00:05.346000-07:00",1.00146933303571,104486592387.54816
"2021-04-02 08:05:04.343000-07:00",1.00137952665166,104193160182.47223
"2021-04-02 08:10:05.742000-07:00",1.00159957897749,104350108479.81743
"2021-04-02 08:15:06.160000-07:00",1.00132757216465,104560562972.2532
"2021-04-02 08:20:04.002000-07:00",1.00115040408218,104570960460.5307
"2021-04-02 08:25:04.221000-07:00",1.00109613248822,104640572596.76402
"2021-04-02 08:30:07.894000-07:00",1.00098885493793,104625030761.70563
"2021-04-02 08:35:03.777000-07:00",1.00098298296788,104856624787.95378
"2021-04-02 08:40:06.073000-07:00",1.00112798008254,104924952429.66231
"2021-04-02 08:45:05.407000-07:00",1.00107977653979,105023576452.25282
"2021-04-02 08:50:05.138000-07:00",1.0010949533337,105105025530.67133
"2021-04-02 08:55:04.858000-07:00",1.00109465767145,105163189283.26149
"2021-04-02 09:00:12.129000-07:00",1.00118131776482,105278725382.24289
"2021-04-02 09:05:04.723000-07:00",1.00108853771028,105085323334.62004
"2021-04-02 09:10:06.837000-07:00",1.0012167350399,105069317522.32953
"2021-04-02 09:15:04.327000-07:00",1.00137635996439,105120695255.1003
"2021-04-02 09:20:03.744000-07:00",1.00114406385251,105266002565.17477
"2021-04-02 09:25:03.760000-07:00",1.00079265848764,105284303924.50127
"2021-04-02 09:30:07.629000-07:00",1.00072135598089,105650382486.83345
"2021-04-02 09:35:03.917000-07:00",1.00107273194262,105765648429.92798
"2021-04-02 09:40:05.975000-07:00",1.00062876618418,105903666458.38821
"2021-04-02 09:45:03.964000-07:00",1.0008519115996,106053772404.48232
"2021-04-02 09:50:05.399000-07:00",1.0009842058576,106172169642.4492
"2021-04-02 09:55:03.540000-07:00",1.00082193329118,106166446394.36136
"2021-04-02 10:00:13.818000-07:00",1.00070087015522,106339643151.73607
"2021-04-02 10:05:05.409000-07:00",1.00050499130204,106205021821.80455
"2021-04-02 10:10:05.163000-07:00",1.00049188333854,106163979879.38023
"2021-04-02 10:15:05.537000-07:00",1.0005937755435,106247163165.73766
"2021-04-02 10:20:04.030000-07:00",1.00067018454089,106262569542.96043
"2021-04-02 10:25:04.276000-07:00",1.00100599084757,106413294935.51317
"2021-04-02 10:30:12.086000-07:00",1.00084454500681,106514466756.19875
"2021-04-02 10:35:03.978000-07:00",1.00062037997054,106472540635.68675
"2021-04-02 10:40:05.583000-07:00",1.00048526372715,106234241603.22887
"2021-04-02 10:45:04.034000-07:00",1.00052768659184,105727772925.40842
"2021-04-02 10:50:04.136000-07:00",1.00054482140679,105530288135.83162
"2021-04-02 10:55:04.216000-07:00",1.00039085828052,105301845656.89781
"2021-04-02 11:05:04.138000-07:00",1.00049800581924,104276625553.81525
"2021-04-02 11:10:04.333000-07:00",1.00047455326201,103976482088.65703
"2021-04-02 11:15:05.059000-07:00",1.00060334957027,103984452211.20709
"2021-04-02 11:20:08.687000-07:00",1.00056401606634,104135682867.20721
"2021-04-02 11:25:03.776000-07:00",1.00057074995758,103352135403.2197
"2021-04-02 11:30:16.392000-07:00",1.00066669768773,102934784137.20929
"2021-04-02 11:35:04.323000-07:00",1.00067883989918,102597272954.62491
"2021-04-02 11:40:06.744000-07:00",1.00063846049812,102277354509.14871
"2021-04-02 11:45:03.756000-07:00",1.0006863899766,102103187664.81099
"2021-04-02 11:50:03.715000-07:00",1.0009051043106,101965004280.36559
"2021-04-02 11:55:04.657000-07:00",1.00083820328889,101660858064.9496
"2021-04-02 12:00:07.574000-07:00",1.00077332502758,101741820913.16766
"2021-04-02 12:05:04.030000-07:00",1.00064940494429,101330378057.41798
"2021-04-02 12:10:05.037000-07:00",1.00074007543994,101125550304.57869
"2021-04-02 12:15:04.480000-07:00",1.00075670722566,101548539577.00742
"2021-04-02 12:20:09.218000-07:00",1.00073014756724,101156801381.46959
"2021-04-02 12:25:04.618000-07:00",1.00065505341735,101500145617.00476
"2021-04-02 12:30:06.685000-07:00",1.00078339240457,101387897849.25702
"2021-04-02 12:35:05.147000-07:00",1.00068562992419,101293856918.96431
"2021-04-02 12:40:04.672000-07:00",1.0006397109956,101332070972.05049
"2021-04-02 12:45:04.320000-07:00",1.00069357489127,101423251775.18001
"2021-04-02 12:50:04.528000-07:00",1.00062432574976,101441343818.66989
"2021-04-02 12:55:03.549000-07:00",1.00073026991353,101336436780.80853
"2021-04-02 13:05:04.806000-07:00",1.00065731951397,101081461885.35054
"2021-04-02 13:10:03.897000-07:00",1.00066926768483,101109300574.38785
"2021-04-02 13:15:04.516000-07:00",1.0006048276987,101158257279.22615
"2021-04-02 13:20:04.876000-07:00",1.00060416047037,101121687706.68437
"2021-04-02 13:25:03.920000-07:00",1.00068954116543,100685871725.0876
"2021-04-02 13:30:05.820000-07:00",1.00078527589716,100581159918.68384
"2021-04-02 13:35:04.077000-07:00",1.0007232689599,100569357225.47404
"2021-04-02 13:40:05.105000-07:00",1.00061920615827,100735444345.22244
"2021-04-02 13:45:04.326000-07:00",1.00066017427735,100768630625.00162
"2021-04-02 13:50:04.525000-07:00",1.00064841362731,100748955804.31252
"2021-04-02 13:55:03.688000-07:00",1.00073829432453,100775544553.72278
"2021-04-02 14:00:46.311000-07:00",1.00078442577766,100998023969.74234
"2021-04-02 14:05:03.885000-07:00",1.00075165930527,100767737601.70674
"2021-04-02 14:10:04.026000-07:00",1.0007457581025,100827848103.17671
"2021-04-02 14:15:04.026000-07:00",1.00076054469278,100831341056.88844
"2021-04-02 14:20:04.315000-07:00",1.00081244797328,100783005451.35176
"2021-04-02 14:25:04.263000-07:00",1.00082364657567,101352537966.51544
"2021-04-02 14:30:06.182000-07:00",1.00093202976109,101403942126.27075
"2021-04-02 14:35:04.510000-07:00",1.000855523889,101385666421.73979
"2021-04-02 14:40:03.978000-07:00",1.00083506862641,101379239028.24744
"2021-04-02 14:45:05.058000-07:00",1.0009143914697,101339897804.75232
"2021-04-02 14:50:04.001000-07:00",1.00087025796075,101339044320.6673
"2021-04-02 14:55:03.948000-07:00",1.00086762567282,101415527647.10634
"2021-04-02 15:00:17.501000-07:00",1.00095910141276,101506903375.07367
"2021-04-02 15:05:04.227000-07:00",1.00096661486678,101325392859.17036
"2021-04-02 15:10:04.791000-07:00",1.00103672201439,101299430219.83374
"2021-04-02 15:15:03.824000-07:00",1.001041387312,101332627934.77934
"2021-04-02 15:20:04.246000-07:00",1.00134275829994,101365618800.6436
"2021-04-02 15:25:04.285000-07:00",1.00128871534938,101104419338.00635
"2021-04-02 15:30:04.986000-07:00",1.00142576590644,101235854844.31554
"2021-04-02 15:35:03.989000-07:00",1.00119748678773,101323722233.67378
"2021-04-02 15:40:05.198000-07:00",1.00148711217547,101439566290.52101
"2021-04-02 15:45:04.787000-07:00",1.00141991575144,101533098442.74118
"2021-04-02 15:50:04.166000-07:00",1.00133706086572,101622131063.83899
"2021-04-02 15:55:04.153000-07:00",1.00156751132968,101699398679.38843
"2021-04-02 16:00:05.549000-07:00",1.00165551107447,101945253215.33388
"2021-04-02 16:05:04.488000-07:00",1.00158019404849,101742603292.16585
"2021-04-02 16:10:03.754000-07:00",1.00209898945796,101898863103.2848
"2021-04-02 16:15:04.034000-07:00",1.00204752806321,102076923431.84483
"2021-04-02 16:20:04.360000-07:00",1.00213398249446,102076826240.29054
"2021-04-02 16:25:04.220000-07:00",1.00202158224909,102373223482.8732
"2021-04-02 16:30:06.238000-07:00",1.00163307762611,102694585050.73608
"2021-04-02 16:35:04.168000-07:00",1.00157336975216,102818353096.02621
"2021-04-02 16:40:04.383000-07:00",1.00106650384461,103063636813.44997
"2021-04-02 16:45:04.610000-07:00",1.00098360746404,103201906650.56029
"2021-04-02 16:50:04.129000-07:00",1.00069813123406,103168645535.92703
"2021-04-02 16:55:04.581000-07:00",1.00070792739464,103598483749.38333
"2021-04-02 17:05:06.757000-07:00",1.00048620273686,103201377524.81906
"2021-04-02 17:10:05.096000-07:00",1.00064462217333,103207624977.23453
"2021-04-02 17:15:04.702000-07:00",1.00032602868063,103353710426.72067
"2021-04-02 17:20:04.713000-07:00",1.0005104447979,103489231752.07071
"2021-04-02 17:25:04.058000-07:00",1.00016311500527,103569053478.90459
"2021-04-02 17:30:04.278000-07:00",1.00029970178731,103572778009.24762
"2021-04-02 17:35:05.258000-07:00",1.00019826783165,103431084781.8379
"2021-04-02 17:40:06.171000-07:00",0.9997668002158,103419189359.76268
"2021-04-02 17:45:04.473000-07:00",0.99975175583132,103393171775.44048
"2021-04-02 17:50:03.754000-07:00",0.99950581198974,103393610292.9634
"2021-04-02 17:55:04.005000-07:00",0.99940637486372,103343983886.20383
"2021-04-02 18:00:09.813000-07:00",0.99937820741192,103421917748.9621
"2021-04-02 18:05:04.335000-07:00",0.99931043877124,103078542407.27467
"2021-04-02 18:10:03.590000-07:00",0.99935404483703,102934490681.26498
"2021-04-02 18:15:04.227000-07:00",0.99934393916008,102904116855.86748
"2021-04-02 18:20:03.660000-07:00",0.99933577613766,102904035830.0682
"2021-04-02 18:25:03.962000-07:00",0.99926506139127,102949568733.72124
"2021-04-02 18:30:05.069000-07:00",0.9992575455657,102973186954.70932
"2021-04-02 18:35:06.228000-07:00",0.99938016863358,102967613829.76727
"2021-04-02 18:40:03.855000-07:00",0.99920664040099,103024781104.91928
"2021-04-02 18:45:06.582000-07:00",0.99912952398273,102984206622.52795
"2021-04-02 18:50:15.018000-07:00",0.9994463977228,103004269376.38742
"2021-04-02 18:55:05.430000-07:00",0.99954202373475,103265907641.93987
"2021-04-02 19:00:04.864000-07:00",0.99938756502207,103358242177.92528
"2021-04-02 19:05:04.809000-07:00",0.99932778079405,102900223773.80711
"2021-04-02 19:10:04.273000-07:00",0.99909405242664,102789433294.77135
"2021-04-02 19:15:04.819000-07:00",0.99887656731471,102587039382.62224
"2021-04-02 19:20:05.834000-07:00",0.99859994093474,102381361431.2057
"2021-04-02 19:25:04.587000-07:00",0.99853347728963,102366686174.90123
"2021-04-02 19:30:11.286000-07:00",0.99843418309664,102184386834.25723
"2021-04-02 19:35:04.068000-07:00",0.99831393561267,101970283230.27011
"2021-04-02 19:40:04.286000-07:00",0.99854357894923,101185597414.84274
"2021-04-02 19:45:04.291000-07:00",0.99856877187695,100825754229.63986
"2021-04-02 19:50:04.422000-07:00",0.99849215615896,100688020272.64412
"2021-04-02 19:55:06.207000-07:00",0.99840546580315,100486948359.99863
"2021-04-02 20:05:04.121000-07:00",0.99811592861324,99547777434.68382
"2021-04-02 20:10:04.523000-07:00",0.99817583608819,99184918678.62703
"2021-04-02 20:15:08.786000-07:00",0.99827561448987,99029005306.11444
"2021-04-02 20:20:04.630000-07:00",0.99822003866093,98892822446.64062
"2021-04-02 20:25:04.239000-07:00",0.99810147656755,98812770772.62576
"2021-04-02 20:30:07.415000-07:00",0.99821653025877,98712974960.08656
"2021-04-02 20:35:04.161000-07:00",0.99836414932398,98630069670.39088
"2021-04-02 20:40:04.500000-07:00",0.99864078702392,98659207763.58852
"2021-04-02 20:45:03.894000-07:00",0.99894437206598,98662819650.50943
"2021-04-02 20:50:03.984000-07:00",0.99895178084522,98748140678.97072
"2021-04-02 20:55:04.082000-07:00",0.99904829472638,98704101212.37123
"2021-04-02 21:05:04.163000-07:00",0.99899564449374,98427028654.56593
"2021-04-02 21:10:04.588000-07:00",0.99915080023138,98294288977.48941
"2021-04-02 21:15:03.745000-07:00",0.99920886300774,98287289467.20715
"2021-04-02 21:20:03.801000-07:00",0.99882731078208,98214483657.06349
"2021-04-02 21:25:08.655000-07:00",0.99873303212029,98180702764.83823
"2021-04-02 21:30:06.814000-07:00",0.99877406237806,98162084534.12091
"2021-04-02 21:35:04.076000-07:00",0.99893216211256,98120153217.94676
"2021-04-02 21:40:09.807000-07:00",0.99891240035912,97815504921.17595
"2021-04-02 21:45:05.075000-07:00",0.99908930202128,97266394568.30952
"2021-04-02 21:50:05.226000-07:00",0.99905519168684,97222177245.47337
"2021-04-02 21:55:04.292000-07:00",0.99896822006219,97923828588.58647
"2021-04-02 22:00:15.105000-07:00",0.99885932759823,97958017249.53723
"2021-04-02 22:05:03.682000-07:00",0.9989310744594,97856184531.80711
"2021-04-02 22:10:03.991000-07:00",0.99911824573357,97656151423.7731
"2021-04-02 22:15:04.332000-07:00",0.99922037153089,97529167736.82663
"2021-04-02 22:20:03.562000-07:00",0.99930076007938,97531031127.04684
"2021-04-02 22:25:04.298000-07:00",0.99922431277845,97531600344.57855
"2021-04-02 22:30:07.088000-07:00",0.99962417948241,97587747964.64334
"2021-04-02 22:35:05.254000-07:00",0.99997586915041,97615449143.65022
"2021-04-02 22:40:04.938000-07:00",1.00004283000474,97767384656.4456
"2021-04-02 22:45:05.577000-07:00",1.00004124131798,97755670192.90651
"2021-04-02 22:50:04.171000-07:00",1.00005154206166,97737772399.69328
"2021-04-02 22:55:05.502000-07:00",1.00006927265222,97706061339.07167
"2021-04-02 23:00:16.685000-07:00",1.00025926094033,97725999518.97649
"2021-04-02 23:05:04.191000-07:00",1.00019381622143,97701300142.77336
"2021-04-02 23:10:04.248000-07:00",1.00040273439029,97644831986.42578
"2021-04-02 23:15:06.872000-07:00",1.00050735758097,94162786763.84398
"2021-04-02 23:20:04.915000-07:00",1.00085708064642,94226789862.98021
"2021-04-02 23:25:04.214000-07:00",1.00077771649421,94428836852.54161
"2021-04-02 23:30:08.533000-07:00",1.00082613557223,94530192279.59166
"2021-04-02 23:35:03.486000-07:00",1.00030785922884,94547019428.1963
"2021-04-02 23:40:04.374000-07:00",1.00025413760782,94568223636.70284
"2021-04-02 23:45:04.344000-07:00",1.00022200050701,94539881708.82092
"2021-04-02 23:50:04.566000-07:00",0.99991476003501,94627654048.80717
"2021-04-02 23:55:03.579000-07:00",1.00000096684138,94620302007.64552
"2021-04-03 00:05:04.273000-07:00",1.00094806858474,94649876282.4882
"2021-04-03 00:10:05.863000-07:00",1.00109140243637,94526675842.9102
"2021-04-03 00:15:05.284000-07:00",1.00042329390658,94497896989.21518
"2021-04-03 00:20:04.800000-07:00",1.00027262130035,94461382796.14203
"2021-04-03 00:25:03.911000-07:00",1.00022751766969,94447747638.62335
"2021-04-03 00:30:05.238000-07:00",1.00079376222433,94516310735.61299
"2021-04-03 00:35:04.374000-07:00",1.00092257968093,94539610446.64284
"2021-04-03 00:40:05.184000-07:00",1.00083391493637,94558516373.14157
"2021-04-03 00:45:04.458000-07:00",1.00080756482106,94519763492.67685
"2021-04-03 00:50:04.099000-07:00",1.00088087375385,94458098729.28342
"2021-04-03 00:55:04.148000-07:00",1.00035887054147,94405362877.01878
"2021-04-03 01:05:03.853000-07:00",1.00006643294115,94128731667.04965
"2021-04-03 01:10:05.204000-07:00",1.00035377655008,94159288729.34991
"2021-04-03 01:15:03.985000-07:00",1.00057326173588,94632395274.2503
"2021-04-03 01:20:05.378000-07:00",0.99984350991077,94624006494.88336
"2021-04-03 01:25:04.403000-07:00",0.9993566994796,94638997336.45595
"2021-04-03 01:30:12.194000-07:00",0.99907417199312,95013881814.94472
"2021-04-03 01:35:03.693000-07:00",0.99902471332137,95021294266.58183
"2021-04-03 01:40:04.237000-07:00",0.99916119605872,95021491527.00937
"2021-04-03 01:45:07.092000-07:00",0.99929972461356,94919108647.69809
"2021-04-03 01:50:05.249000-07:00",0.99951891501715,95330425375.72064
"2021-04-03 01:55:04.396000-07:00",0.9995492099762,95763301365.5965
"2021-04-03 02:00:12.455000-07:00",0.99970042101617,95880535041.21991
"2021-04-03 02:05:04.609000-07:00",0.99975107568158,95763324278.69005
"2021-04-03 02:10:04.178000-07:00",0.9998529112575,95818456473.05064
"2021-04-03 02:15:04.362000-07:00",0.99980223599759,96249504384.22476
"2021-04-03 02:20:04.285000-07:00",0.9998252717644,96389403963.95653
"2021-04-03 02:25:04.282000-07:00",0.99979574528312,96488300154.45517
"2021-04-03 02:30:04.727000-07:00",0.99991268587499,96432683893.72658
"2021-04-03 02:35:03.732000-07:00",0.9999144842203,96412470566.87851
"2021-04-03 02:40:04.109000-07:00",0.99995136256732,96376650790.51971
"2021-04-03 02:45:04.126000-07:00",0.99985380994981,96257090801.73605
"2021-04-03 02:50:04.495000-07:00",0.99984415542026,96215124964.0457
"2021-04-03 02:55:03.509000-07:00",0.99988946360338,96270326963.74754
"2021-04-03 03:00:12.054000-07:00",0.99971862699462,96451398158.69093
"2021-04-03 03:05:04.275000-07:00",0.99972233933694,96549877861.36456
"2021-04-03 03:10:04.217000-07:00",0.99969746106737,96587414769.67809
"2021-04-03 03:15:04.079000-07:00",0.99963775388731,96768727561.29816
"2021-04-03 03:20:05.173000-07:00",0.9995587193577,96863843135.11458
"2021-04-03 03:25:04.141000-07:00",0.99917117826595,97056564746.70262
"2021-04-03 03:30:05.402000-07:00",0.99912675521845,97061098473.62956
"2021-04-03 03:35:04.405000-07:00",0.99912263772968,97116476767.95242
"2021-04-03 03:40:08.887000-07:00",0.99915516571508,97190071089.25296
"2021-04-03 03:45:04.094000-07:00",0.99915380136737,97309355839.31715
"2021-04-03 03:50:06.018000-07:00",0.99923407497431,97399523762.71327
"2021-04-03 03:55:05.066000-07:00",0.99926785403295,97466775641.57874
"2021-04-03 04:00:10.244000-07:00",0.99926170652234,97413713620.57631
"2021-04-03 04:05:04.190000-07:00",0.99930203272098,97329811778.36206
"2021-04-03 04:10:04.209000-07:00",0.99935705100147,97327502615.40878
"2021-04-03 04:15:05.523000-07:00",0.99940798117255,97372583804.94441
"2021-04-03 04:20:04.222000-07:00",0.99947458904862,97437676100.73073
"2021-04-03 04:25:04.195000-07:00",0.99951158372241,97525619070.34644
"2021-04-03 04:30:11.391000-07:00",0.99950433222732,97487284723.9675
"2021-04-03 04:35:03.792000-07:00",0.99954006789421,97520073258.72615
"2021-04-03 04:40:03.932000-07:00",0.9995079989311,97608928697.53427
"2021-04-03 04:45:03.849000-07:00",0.9994960644259,97315623634.01128
"2021-04-03 04:50:04.129000-07:00",0.9995534845454,97315347407.95792
"2021-04-03 04:55:04.736000-07:00",0.99964944151739,97291837455.50862
"2021-04-03 05:00:05.631000-07:00",0.99968388113159,97574976395.17735
"2021-04-03 05:05:04.030000-07:00",0.99957895927262,97527531401.93912
"2021-04-03 05:10:05.139000-07:00",0.9996036912939,97339591874.36491
"2021-04-03 05:15:04.335000-07:00",0.99966654111334,97467121736.94797
"2021-04-03 05:20:04.573000-07:00",0.99962905459325,97237026926.1771
"2021-04-03 05:25:03.488000-07:00",0.99961702255875,97242823009.38687
"2021-04-03 05:30:09.517000-07:00",0.99969719621757,97110240226.78159
"2021-04-03 05:35:03.858000-07:00",0.99977395936584,97141815079.97308
"2021-04-03 05:40:06.697000-07:00",0.99977096191578,97147033192.48854
"2021-04-03 05:45:06.387000-07:00",0.99987720724946,97138941842.06836
"2021-04-03 05:50:03.703000-07:00",0.99986494812543,97126713516.96869
"2021-04-03 05:55:03.629000-07:00",0.99987204164775,97193961740.84505
"2021-04-03 06:00:28.962000-07:00",0.99994554853218,97211813276.80833
"2021-04-03 06:05:05.067000-07:00",1.0000083258773,97115162032.43933
"2021-04-03 06:10:04.113000-07:00",1.00006635761748,97047174157.45926
"2021-04-03 06:15:06.624000-07:00",1.00008148555893,97116505361.05252
"2021-04-03 06:20:03.855000-07:00",1.0001568183858,96825135520.06248
"2021-04-03 06:25:04.294000-07:00",1.00007694294376,96881544566.79918
"2021-04-03 06:30:07.818000-07:00",1.00012472309382,96878862597.28336
"2021-04-03 06:35:04.254000-07:00",0.99998353635272,97171942799.06398
"2021-04-03 06:40:05.370000-07:00",1.00009205316235,96919478811.77151
"2021-04-03 06:45:03.499000-07:00",1.00030884623893,96781025907.88283
"2021-04-03 06:50:05.145000-07:00",1.0003034059306,97185911520.6271
"2021-04-03 06:55:04.080000-07:00",1.00024267989227,97253036141.14403
"2021-04-03 07:05:04.290000-07:00",1.00030247118298,97311574503.99414
"2021-04-03 07:10:05.812000-07:00",1.00036586625764,101210186192.97296
"2021-04-03 07:15:06.114000-07:00",1.00034386459228,101043189758.44386
"2021-04-03 07:20:06.186000-07:00",1.00039384082572,101114804087.47623
"2021-04-03 07:25:03.472000-07:00",1.00040357008389,101137277490.13075
"2021-04-03 07:30:05.010000-07:00",1.00051128899163,101304935639.89919
"2021-04-03 07:35:04.145000-07:00",1.00057984076082,101299437456.5204
"2021-04-03 07:40:04.160000-07:00",1.00048976534435,101213775088.53914
"2021-04-03 07:45:04.118000-07:00",1.00079033021489,100981687493.95819
"2021-04-03 07:50:04.447000-07:00",1.00065175489456,100639220949.10349
"2021-04-03 07:55:04.547000-07:00",1.00055802522365,100487544436.16661
"2021-04-03 08:00:04.465000-07:00",1.0004976836305,100420054178.38423
"2021-04-03 08:05:03.539000-07:00",1.00064737791147,100138808837.96753
"2021-04-03 08:10:03.708000-07:00",1.0005734827674,100405662685.41203
"2021-04-03 08:15:04.838000-07:00",1.00069891757127,100240145365.31555
"2021-04-03 08:20:06.563000-07:00",1.00066336191164,100112628004.30098
"2021-04-03 08:25:04.635000-07:00",1.00067570088377,100123645292.46695
"2021-04-03 08:30:05.488000-07:00",1.0007215537041,100019246833.86777
"2021-04-03 08:35:03.429000-07:00",1.0005431373349,99932403894.74326
"2021-04-03 08:40:03.797000-07:00",1.00029731618393,100138239912.7056
"2021-04-03 08:45:04.045000-07:00",1.00024942837216,99972761113.3705
"2021-04-03 08:50:04.579000-07:00",1.00023569663974,99978643866.81352
"2021-04-03 08:55:03.669000-07:00",1.00031021975499,100065228457.43782
"2021-04-03 09:00:04.753000-07:00",1.00032593507571,100113571923.43745
"2021-04-03 09:05:04.198000-07:00",1.00047421114358,99481613453.99359
"2021-04-03 09:10:05.630000-07:00",1.0007768404774,100079531272.38376
"2021-04-03 09:15:03.850000-07:00",1.00070013716818,100345373396.18929
"2021-04-03 09:20:04.823000-07:00",1.00091303941496,100576747033.34518
"2021-04-03 09:25:03.964000-07:00",1.00111782415217,100288959631.69778
"2021-04-03 09:30:04.322000-07:00",1.00117402672484,100178185610.57846
"2021-04-03 09:35:06.040000-07:00",1.00112618245601,100275764488.27594
"2021-04-03 09:40:06.475000-07:00",1.00122018862511,100094145178.98906
"2021-04-03 09:45:05.090000-07:00",1.00125666998439,99919793489.3582
"2021-04-03 09:50:05.985000-07:00",1.00119559827994,99668250514.13919
"2021-04-03 09:55:04.104000-07:00",1.00118584598337,99525933953.35843
"2021-04-03 10:05:03.875000-07:00",1.0012746613856,99166442715.3604
"2021-04-03 10:10:06.017000-07:00",1.00134808159945,99176716171.3433
"2021-04-03 10:15:05.701000-07:00",1.00136526024782,99462112882.258
"2021-04-03 10:20:04.045000-07:00",1.00124156195986,99457020260.28314
"2021-04-03 10:25:03.875000-07:00",1.00141490613662,99494823877.84389
"2021-04-03 10:30:07.655000-07:00",1.00158431113327,100414702522.69173
"2021-04-03 10:35:03.963000-07:00",1.00151645283148,100332686703.69624
"2021-04-03 10:40:07.314000-07:00",1.00140520811701,101058084144.13689
"2021-04-03 10:45:04.878000-07:00",1.00140484136058,101229599919.21472
"2021-04-03 10:50:04.615000-07:00",1.00137784180433,101170661794.38045
"2021-04-03 10:55:06.307000-07:00",1.00151437567058,101187014887.4869
"2021-04-03 11:00:09.658000-07:00",1.00169644390587,101502957745.6421
"2021-04-03 11:05:03.833000-07:00",1.00204484740546,101253110494.39148
"2021-04-03 11:10:06.310000-07:00",1.00222720433706,101940914247.60301
"2021-04-03 11:15:05.366000-07:00",1.00221849096059,103599219598.42165
"2021-04-03 11:20:05.373000-07:00",1.00231343618917,103771112463.49617
"2021-04-03 11:25:05.703000-07:00",1.00235412058562,104469867313.57625
"2021-04-03 11:30:04.804000-07:00",1.00236741034948,104762946482.70978
"2021-04-03 11:35:04.579000-07:00",1.00231724594393,105087652919.63718
"2021-04-03 11:40:03.774000-07:00",1.00238434017343,105195999681.44131
"2021-04-03 11:45:03.624000-07:00",1.00237202025832,105000070856.67363
"2021-04-03 11:50:04.075000-07:00",1.00233065675716,105034177900.55336
"2021-04-03 11:55:04.821000-07:00",1.00239210207708,105440469737.29004
"2021-04-03 12:05:04.559000-07:00",1.0023962987809,105561314111.36304
"2021-04-03 12:10:04.472000-07:00",1.00237241879073,105662738365.19133
"2021-04-03 12:15:06.415000-07:00",1.0024957323031,105554512193.4905
"2021-04-03 12:20:05.157000-07:00",1.00256211027679,106195396727.88725
"2021-04-03 12:25:04.190000-07:00",1.00255880938995,106186818934.00453
"2021-04-03 12:30:11.316000-07:00",1.00258968691938,106070040471.71782
"2021-04-03 12:35:04.102000-07:00",1.00244532818397,105862655590.96892
"2021-04-03 12:40:04.922000-07:00",1.00236455906427,105909750225.98128
"2021-04-03 12:45:04.305000-07:00",1.00231665154256,105977363767.15028
"2021-04-03 12:50:04.752000-07:00",1.00228861654196,105981905593.60762
"2021-04-03 12:55:04.180000-07:00",1.002268444182,105821427254.90585
"2021-04-03 13:00:18.108000-07:00",1.00240499494423,106336286775.40503
"2021-04-03 13:05:04.999000-07:00",1.00221931866518,106138009982.98093
"2021-04-03 13:10:04.621000-07:00",1.00224889828682,105957562806.32877
"2021-04-03 13:15:04.161000-07:00",1.00224679889287,105992709931.38893
"2021-04-03 13:20:04.591000-07:00",1.00234113081333,105969310581.81691
"2021-04-03 13:25:04.043000-07:00",1.0023109197196,105806384584.11337
"2021-04-03 13:30:10.789000-07:00",1.00213607852798,105902159655.23155
"2021-04-03 13:35:04.216000-07:00",1.0021837102631,106006759806.97858
"2021-04-03 13:40:05.077000-07:00",1.00215249334245,106014340360.8834
"2021-04-03 13:45:04.911000-07:00",1.00217780175638,105782913034.28795
"2021-04-03 13:50:04.548000-07:00",1.00226803543091,105499686844.8944
"2021-04-03 13:55:04.724000-07:00",1.00232477448018,105364854697.52528
"2021-04-03 14:00:09.977000-07:00",1.00227065742711,105875821996.02501
"2021-04-03 14:05:04.022000-07:00",1.00233782370742,105702948996.69144
"2021-04-03 14:10:05.078000-07:00",1.00213325265882,106053258005.94597
"2021-04-03 14:15:04.776000-07:00",1.00219046024985,105906407386.53421
"2021-04-03 14:20:04.015000-07:00",1.00229234852556,105812904341.9884
"2021-04-03 14:25:03.871000-07:00",1.00212414765688,106095875884.99022
"2021-04-03 14:30:10.773000-07:00",1.00222993792172,105919795441.84619
"2021-04-03 14:35:03.499000-07:00",1.00226793140317,106015634582.92867
"2021-04-03 14:40:04.344000-07:00",1.00227360758366,106397665226.45277
"2021-04-03 14:45:03.755000-07:00",1.00228592041373,106488839996.60028
"2021-04-03 14:50:04.021000-07:00",1.00232305244883,106293816286.89127
"2021-04-03 14:55:03.932000-07:00",1.00242947458912,106400576540.32222
"2021-04-03 15:05:03.562000-07:00",1.00266465215828,106832505564.43633
"2021-04-03 15:10:04.820000-07:00",1.00289326569983,107196156553.1935
"2021-04-03 15:15:04.758000-07:00",1.00274197250932,107644778253.04976
"2021-04-03 15:20:03.912000-07:00",1.0030206726706,107882393733.28728
"2021-04-03 15:25:03.948000-07:00",1.00280246808389,108292861125.35735
"2021-04-03 15:30:05.499000-07:00",1.00279028721891,108028906895.8081
"2021-04-03 15:35:04.117000-07:00",1.00275610246825,107848032063.33989
"2021-04-03 15:40:04.913000-07:00",1.00277845780827,108395788536.07515
"2021-04-03 15:45:04.166000-07:00",1.00274305125467,108555147849.44572
"2021-04-03 15:50:04.168000-07:00",1.00265273103972,108831177796.83662
"2021-04-03 15:55:04.142000-07:00",1.00262253351946,109156828442.4397
"2021-04-03 16:05:04.096000-07:00",1.00259676165972,108611910165.93085
"2021-04-03 16:10:06.663000-07:00",1.00257742802826,108901817251.59837
"2021-04-03 16:15:04.247000-07:00",1.00261534947541,109019511155.09299
"2021-04-03 16:20:04.668000-07:00",1.00257557246518,109095932579.7786
"2021-04-03 16:25:03.655000-07:00",1.00252780964734,109608737250.2424
"2021-04-03 16:30:06.473000-07:00",1.00271696923702,109415754094.60371
"2021-04-03 16:35:03.749000-07:00",1.0027212133707,109334144591.40073
"2021-04-03 16:40:05.651000-07:00",1.00299271025462,109097516519.89444
"2021-04-03 16:45:03.651000-07:00",1.00319751956772,109435053957.03683
"2021-04-03 16:50:03.687000-07:00",1.00326065102643,109479201698.70708
"2021-04-03 16:55:04.333000-07:00",1.0032299763504,109451841806.27968
"2021-04-03 17:05:04.325000-07:00",1.00335401559948,109151663385.78458
"2021-04-03 17:10:05.068000-07:00",1.00332451981025,109849499647.35258
"2021-04-03 17:15:04.479000-07:00",1.00336764376273,110407659032.0399
"2021-04-03 17:20:03.860000-07:00",1.00330177871492,110293535252.76465
"2021-04-03 17:25:03.869000-07:00",1.00312598378016,110675388459.30963
"2021-04-03 17:30:04.771000-07:00",1.00317515493542,110896114960.96745
"2021-04-03 17:35:03.885000-07:00",1.00313517158262,110848274597.188
"2021-04-03 17:40:04.636000-07:00",1.00333226911106,110770444746.70692
"2021-04-03 17:45:03.590000-07:00",1.0031831719985,111020737382.05106
"2021-04-03 17:50:06.445000-07:00",1.0031768261058,111235794069.55695
"2021-04-03 17:55:03.384000-07:00",1.00320637316056,111128843987.7611
"2021-04-03 18:00:08.645000-07:00",1.00324076261878,111103285696.38551
"2021-04-03 18:05:03.607000-07:00",1.00338164853223,110966857105.8233
"2021-04-03 18:10:03.872000-07:00",1.00363820549663,111185418334.68236
"2021-04-03 18:15:04.899000-07:00",1.00360717061565,111771212414.73402
"2021-04-03 18:20:04.332000-07:00",1.00341578369374,112069359923.61923
"2021-04-03 18:25:03.291000-07:00",1.00332240629479,112179194864.7521
"2021-04-03 18:30:05.404000-07:00",1.00340324365515,112361757772.01074
"2021-04-03 18:35:03.471000-07:00",1.00343315545894,112529295063.53064
"2021-04-03 18:40:03.430000-07:00",1.00341351026996,112679327063.71278
"2021-04-03 18:45:04.997000-07:00",1.00339733081809,112795158148.85051
"2021-04-03 18:50:04.585000-07:00",1.0036744994527,112592374135.98442
"2021-04-03 18:55:04.503000-07:00",1.00352350390083,112737183777.52347
"2021-04-03 19:00:11.420000-07:00",1.00385189802283,112805090689.27145
"2021-04-03 19:05:04.980000-07:00",1.00395218525148,112714890767.86127
"2021-04-03 19:10:04.944000-07:00",1.00371137196349,112683182173.5042
"2021-04-03 19:15:04.634000-07:00",1.00386373861173,112704828271.60812
"2021-04-03 19:20:04.560000-07:00",1.00369325327638,112726626896.1877
"2021-04-03 19:25:04.193000-07:00",1.00352903373426,112819562726.00775
"2021-04-03 19:30:08.781000-07:00",1.00369900394775,112952399767.18216
"2021-04-03 19:35:04.680000-07:00",1.00358641288584,112904397124.2951
"2021-04-03 19:40:04.349000-07:00",1.00371847795973,112869383212.13728
"2021-04-03 19:45:16.401000-07:00",1.00369957835554,112835724624.59029
"2021-04-03 19:50:03.956000-07:00",1.00402311696578,112896646077.46956
"2021-04-03 19:55:04.117000-07:00",1.0044104597048,112878029448.41235
"2021-04-03 20:00:05.992000-07:00",1.00484042307542,112970376955.66339
"2021-04-03 20:05:04.624000-07:00",1.00511010532152,112884779112.62238
"2021-04-03 20:10:03.912000-07:00",1.00525108842525,112846439023.3741
"2021-04-03 20:15:04.023000-07:00",1.00672823398711,113003981197.35004
"2021-04-03 20:20:04.512000-07:00",1.00702620450905,113041484521.63675
"2021-04-03 20:25:13.511000-07:00",1.00729041899367,112977835026.02301
"2021-04-03 20:30:04.893000-07:00",1.00740557778065,113083791914.58119
"2021-04-03 20:35:03.416000-07:00",1.0078084327127,113094012771.45409
"2021-04-03 20:40:04.244000-07:00",1.00814008417641,113046838749.45769
"2021-04-03 20:45:04.454000-07:00",1.0081934440149,113012772171.93411
"2021-04-03 20:50:03.874000-07:00",1.00845331017429,112996145680.04117
"2021-04-03 20:55:03.953000-07:00",1.00876506934414,113122675692.5262
"2021-04-03 21:05:08.845000-07:00",1.00896014934321,113272303987.11934
"2021-04-03 21:10:04.005000-07:00",1.00873758069138,113386858670.73015
"2021-04-03 21:15:04.029000-07:00",1.00902384043657,113445758519.85861
"2021-04-03 21:20:04.111000-07:00",1.00899519759091,113512470893.04314
"2021-04-03 21:25:04.004000-07:00",1.00934795643531,113782808231.50182
"2021-04-03 21:30:04.215000-07:00",1.00876802414001,113681474870.68578
"2021-04-03 21:35:04.489000-07:00",1.00822852270041,113588175002.8953
"2021-04-03 21:40:04.719000-07:00",1.0082235039669,113632040828.59871
"2021-04-03 21:45:04.144000-07:00",1.00840641875364,113868775907.5651
"2021-04-03 21:50:04.185000-07:00",1.0084152843454,113787067369.57956
"2021-04-03 21:55:04.129000-07:00",1.00840664928652,113941128335.62125
"2021-04-03 22:00:13.093000-07:00",1.00843321436033,114124026997.8415
"2021-04-03 22:05:03.730000-07:00",1.00865352632425,114180187095.86258
"2021-04-03 22:10:04.417000-07:00",1.00852737721767,114247106287.86374
"2021-04-03 22:15:04.700000-07:00",1.00850140437824,114441646594.79483
"2021-04-03 22:20:04.516000-07:00",1.00806901410257,114325966460.21803
"2021-04-03 22:25:04.715000-07:00",1.00812463405064,114224482675.21893
"2021-04-03 22:30:04.660000-07:00",1.00787457995326,114221162899.09198
"2021-04-03 22:35:03.680000-07:00",1.00780393942912,114093914830.41211
"2021-04-03 22:40:03.562000-07:00",1.00774595998781,114073521410.22925
"2021-04-03 22:45:07.159000-07:00",1.00784254659573,114097012728.79993
"2021-04-03 22:50:04.108000-07:00",1.00772202385832,114349186040.59157
"2021-04-03 22:55:04.396000-07:00",1.00793929933457,114686545176.50404
"2021-04-03 23:05:04.320000-07:00",1.00837843970859,114417527727.74625
"2021-04-03 23:10:05.111000-07:00",1.00844394272083,114466370386.89386
"2021-04-03 23:15:10.708000-07:00",1.00879760881114,114315081678.07062
"2021-04-03 23:20:05.246000-07:00",1.00934756122107,114263095591.82242
"2021-04-03 23:25:04.621000-07:00",1.00968888585613,114255738883.18993
"2021-04-03 23:30:10.221000-07:00",1.0098136711136,114543715325.48346
"2021-04-03 23:35:05.467000-07:00",1.0096470979297,114736033168.7305
"2021-04-03 23:40:04.024000-07:00",1.00965982620593,114804477315.6182
"2021-04-03 23:45:04.290000-07:00",1.01031182398974,115104389456.27332
"2021-04-03 23:50:05.550000-07:00",1.01081342179343,115359193781.32967
"2021-04-03 23:55:04.262000-07:00",1.01077788805455,115396611915.55081
"2021-04-04 00:00:05.888000-07:00",1.01115160439611,115526895779.80637
"2021-04-04 00:05:04.334000-07:00",1.01110523508456,115205595434.0321
"2021-04-04 00:10:10.339000-07:00",1.01147650383516,115195002060.96014
"2021-04-04 00:15:04.193000-07:00",1.01128871850371,115310116890.91885
"2021-04-04 00:20:03.609000-07:00",1.0103093562839,115394477726.62341
"2021-04-04 00:25:03.593000-07:00",1.00946776834808,115347050490.75415
"2021-04-04 00:30:11.005000-07:00",1.00883536388111,115205902154.94044
"2021-04-04 00:35:04.072000-07:00",1.00850155581404,115126249234.73338
"2021-04-04 00:40:04.085000-07:00",1.00840270534161,115012558353.49187
"2021-04-04 00:45:04.148000-07:00",1.00829100420665,114839683806.30986
"2021-04-04 00:50:04.779000-07:00",1.00831728152767,114960385397.46088
"2021-04-04 00:55:03.779000-07:00",1.00816239824198,115362925906.84717
"2021-04-04 01:05:04.170000-07:00",1.00788068609056,115113944352.38016
"2021-04-04 01:10:04.935000-07:00",1.0079290304598,114972368921.67207
"2021-04-04 01:15:04.953000-07:00",1.00811079936885,114589669205.72649
"2021-04-04 01:20:04.488000-07:00",1.00827693289493,114306421064.64922
"2021-04-04 01:25:03.995000-07:00",1.00831864934826,114573347729.86761
"2021-04-04 01:30:06.207000-07:00",1.00847548159379,114613935229.07391
"2021-04-04 01:35:04.157000-07:00",1.00858706000896,114936508047.23056
"2021-04-04 01:40:04.239000-07:00",1.00864634709692,114970671359.67183
"2021-04-04 01:45:04.391000-07:00",1.00839672955936,114672189722.41696
"2021-04-04 01:50:04.377000-07:00",1.00842005651479,114230016022.52628
"2021-04-04 01:55:04.405000-07:00",1.00805028220632,114045002094.00444
"2021-04-04 02:00:05.442000-07:00",1.00784926193758,114010767380.79272
"2021-04-04 02:05:03.504000-07:00",1.00737182692537,113528246052.27354
"2021-04-04 02:10:03.543000-07:00",1.00694225519922,113072742121.0184
"2021-04-04 02:15:03.726000-07:00",1.00672045913804,112973553197.76466
"2021-04-04 02:20:04.299000-07:00",1.00644441263155,113081004068.54506
"2021-04-04 02:25:04.077000-07:00",1.00620061082124,112818267499.52084
"2021-04-04 02:30:05.219000-07:00",1.00613023970267,112681421745.67392
"2021-04-04 02:35:04.211000-07:00",1.00635488689548,112681189573.52379
"2021-04-04 02:40:04.531000-07:00",1.00620664882702,112846072118.46225
"2021-04-04 02:45:03.730000-07:00",1.00614984044535,113082734316.13867
"2021-04-04 02:50:03.840000-07:00",1.00606270007457,113213568062.89395
"2021-04-04 02:55:03.508000-07:00",1.00609009883528,113223915789.28258
"2021-04-04 03:05:04.024000-07:00",1.00589970021895,113060517505.67075
"2021-04-04 03:10:04.009000-07:00",1.00622390306415,112836571303.46976
"2021-04-04 03:15:04.485000-07:00",1.0065266395358,112738100295.0332
"2021-04-04 03:20:03.791000-07:00",1.00658919554582,112588812446.33011
"2021-04-04 03:25:03.677000-07:00",1.00655863929167,112491621091.29698
"2021-04-04 03:30:06.652000-07:00",1.00664077627495,112410103045.84648
"2021-04-04 03:35:03.835000-07:00",1.00652509375531,112481595595.20822
"2021-04-04 03:40:03.844000-07:00",1.00668241539681,112215447592.68114
"2021-04-04 03:45:03.749000-07:00",1.00665731248355,112278090395.10889
"2021-04-04 03:50:04.376000-07:00",1.00664655363931,112333672201.60692
"2021-04-04 03:55:03.761000-07:00",1.00659410794993,112372718244.91898
"2021-04-04 04:05:03.467000-07:00",1.00664584297134,112073405528.55618
"2021-04-04 04:10:04.120000-07:00",1.0066653693717,111951532992.45654
"2021-04-04 04:15:04.599000-07:00",1.00688277482606,111808206366.76993
"2021-04-04 04:20:03.825000-07:00",1.00720373415489,112039428796.11357
"2021-04-04 04:25:03.765000-07:00",1.00812243328641,112062806992.36029
"2021-04-04 04:30:09.890000-07:00",1.00851581300191,111914706765.66585
"2021-04-04 04:35:03.945000-07:00",1.00857413090658,112042176706.4586
"2021-04-04 04:40:03.962000-07:00",1.00861701533089,112047641756.04434
"2021-04-04 04:45:04.109000-07:00",1.00905917677304,111905663521.71327
"2021-04-04 04:50:04.250000-07:00",1.00940281925318,112001160595.51524
"2021-04-04 04:55:04.195000-07:00",1.00964283117908,112450635249.5906
"2021-04-04 05:05:03.517000-07:00",1.00999515137608,112445572795.18329
"2021-04-04 05:10:05.691000-07:00",1.00928909840839,112670324765.76375
"2021-04-04 05:15:04.206000-07:00",1.00811987537118,113024520860.89948
"2021-04-04 05:20:03.476000-07:00",1.0074166318083,113438921151.27655
"2021-04-04 05:25:03.356000-07:00",1.0065146570928,113669369871.43538
"2021-04-04 05:30:10.445000-07:00",1.00616945011123,113777699919.64691
"2021-04-04 05:35:03.526000-07:00",1.00663396927891,113844129981.67769
"2021-04-04 05:40:04.234000-07:00",1.00670615662097,114006211723.86679
"2021-04-04 05:45:04.380000-07:00",1.00692523641624,114133061724.97737
"2021-04-04 05:50:05.113000-07:00",1.00694778815846,114265745495.46577
"2021-04-04 05:55:04.185000-07:00",1.00688473898502,114305942358.29886
"2021-04-04 06:05:04.848000-07:00",1.00721888479579,113688786541.33548
"2021-04-04 06:10:04.628000-07:00",1.00759139866039,114035643616.38763
"2021-04-04 06:15:04.463000-07:00",1.00755108121879,114138725779.61044
"2021-04-04 06:20:03.731000-07:00",1.00736654062564,114312443568.93385
"2021-04-04 06:25:04.115000-07:00",1.00766429570407,114671776177.87173
"2021-04-04 06:30:09.733000-07:00",1.00791207610578,114644885272.36067
"2021-04-04 06:35:03.743000-07:00",1.00763419871124,114585861162.7785
"2021-04-04 06:40:04.943000-07:00",1.00759502526766,114505782900.64214
"2021-04-04 06:45:03.882000-07:00",1.00757116342289,114451783026.7626
"2021-04-04 06:50:03.952000-07:00",1.00789908964693,114437145025.17554
"2021-04-04 06:55:03.833000-07:00",1.00747339811275,114720267804.78517
"2021-04-04 07:00:05.509000-07:00",1.00725941555489,114726503043.72456
"2021-04-04 07:05:03.520000-07:00",1.00745809647557,114500151598.2009
"2021-04-04 07:10:03.493000-07:00",1.00734358054745,114490445273.16757
"2021-04-04 07:15:04.415000-07:00",1.00755610825853,114492813776.83899
"2021-04-04 07:20:04.858000-07:00",1.007785804467,114525661913.58203
"2021-04-04 07:25:03.834000-07:00",1.00768396265699,114538809895.85262
"2021-04-04 07:30:04.136000-07:00",1.00765011963689,114525388760.40633
"2021-04-04 07:35:04.027000-07:00",1.00758530430162,114510500069.7556
"2021-04-04 07:40:04.048000-07:00",1.00761666483283,114522682262.48979
"2021-04-04 07:45:04.005000-07:00",1.00749874752082,114486659440.70442
"2021-04-04 07:50:04.018000-07:00",1.00692973476541,114395284408.62581
"2021-04-04 07:55:03.978000-07:00",1.0063442877549,114185065335.56247
"2021-04-04 08:00:17.410000-07:00",1.00589083925195,114092204301.81958
"2021-04-04 08:05:03.633000-07:00",1.00550386508788,113497013586.06874
"2021-04-04 08:10:03.876000-07:00",1.00399413768535,113086780694.94987
"2021-04-04 08:15:04.157000-07:00",1.00320114770462,112972179317.71547
"2021-04-04 08:20:04.188000-07:00",1.0027700105998,113016881145.52965
"2021-04-04 08:25:04.401000-07:00",1.00241517861592,112906348161.82956
"2021-04-04 08:30:04.714000-07:00",1.00253997871415,113158932717.92648
"2021-04-04 08:35:05.521000-07:00",1.0025228083111,113098548138.56346
"2021-04-04 08:40:05.044000-07:00",1.00280157407063,113212703171.55089
"2021-04-04 08:45:05.773000-07:00",1.00298360753962,113422797621.52344
"2021-04-04 08:50:08.718000-07:00",1.00301924433749,113822841717.35553
"2021-04-04 08:55:05.336000-07:00",1.00316070452313,113992012424.21512
"2021-04-04 09:00:03.805000-07:00",1.00305728963637,113555815071.32108
"2021-04-04 09:05:04.693000-07:00",1.00259519407836,112901800481.02103
"2021-04-04 09:10:06.546000-07:00",1.00254334457701,112428603740.22377
"2021-04-04 09:15:04.185000-07:00",1.00264797842539,112427362734.75272
"2021-04-04 09:20:04.814000-07:00",1.00276295277205,112554769180.86082
"2021-04-04 09:25:04.156000-07:00",1.00240747348952,112357315160.8293
"2021-04-04 09:30:05.654000-07:00",1.0022337118571,112121704709.35367
"2021-04-04 09:35:04.137000-07:00",1.00214723659842,112203473742.75952
"2021-04-04 09:40:06.066000-07:00",1.00212700870201,112219211171.93822
"2021-04-04 09:45:04.333000-07:00",1.0022371143317,112231451963.08673
"2021-04-04 09:50:04.873000-07:00",1.00198695749521,112332898618.34486
"2021-04-04 09:55:04.060000-07:00",1.00202255284029,112363591277.16652
"2021-04-04 10:00:23.008000-07:00",1.00208449508379,112202877057.20604
"2021-04-04 10:05:04.787000-07:00",1.00200141246441,111690675712.64893
"2021-04-04 10:10:09.197000-07:00",1.00202613081867,111670249620.4048
"2021-04-04 10:15:04.242000-07:00",1.00201978226074,111111747553.30847
"2021-04-04 10:20:04.278000-07:00",1.00202662436817,110983873254.97603
"2021-04-04 10:25:04.159000-07:00",1.00195189029905,110144983448.94002
"2021-04-04 10:30:09.567000-07:00",1.0019423972963,109635835690.3659
"2021-04-04 10:35:08.494000-07:00",1.00180600905314,109757109661.09341
"2021-04-04 10:40:06.055000-07:00",1.00177281350582,109472515938.55357
"2021-04-04 10:45:04.734000-07:00",1.00180204636103,109303148129.44214
"2021-04-04 10:50:04.164000-07:00",1.0016878700232,109259480783.77324
"2021-04-04 10:55:04.401000-07:00",1.0016758619923,109162504302.49515
"2021-04-04 11:00:07.764000-07:00",1.00161487740833,108791975600.67621
"2021-04-04 11:05:04.516000-07:00",1.00149963645497,108086981354.53636
"2021-04-04 11:10:03.678000-07:00",1.00155907775288,106980916232.50076
"2021-04-04 11:15:03.679000-07:00",1.00163841349758,106197167285.98248
"2021-04-04 11:20:04.485000-07:00",1.00166252443836,106015971791.07713
"2021-04-04 11:25:03.540000-07:00",1.00163898005145,105805102038.47528
"2021-04-04 11:30:06.738000-07:00",1.00160718707248,105665819894.05232
"2021-04-04 11:35:04.638000-07:00",1.0016758256987,105511782298.84973
"2021-04-04 11:40:03.993000-07:00",1.00164373660144,105341373848.31421
"2021-04-04 11:45:04.478000-07:00",1.00174317111449,105309317270.23454
"2021-04-04 11:50:04.648000-07:00",1.00172055481767,105152954478.19905
"2021-04-04 11:55:04.409000-07:00",1.00197624334398,105086487753.487
"2021-04-04 12:05:04.126000-07:00",1.00211477992273,104787774808.15169
"2021-04-04 12:10:04.230000-07:00",1.00218286808859,104596054083.70377
"2021-04-04 12:15:04.133000-07:00",1.00233755267645,104440858694.96976
"2021-04-04 12:20:06.878000-07:00",1.00230243348446,104376822462.4516
"2021-04-04 12:25:04.059000-07:00",1.00262964273399,104174370864.47643
"2021-04-04 12:30:07.477000-07:00",1.00280830423442,104317120233.52754
"2021-04-04 12:35:03.928000-07:00",1.0027520809844,104269821222.6184
"2021-04-04 12:40:04.156000-07:00",1.00277591123719,104264103054.6821
"2021-04-04 12:45:04.197000-07:00",1.00286634520285,104246528370.85535
"2021-04-04 12:50:04.214000-07:00",1.00275801843475,104302485252.34967
"2021-04-04 12:55:04.509000-07:00",1.00250956640284,104259594828.545
"2021-04-04 13:05:04.386000-07:00",1.00231391948226,103920721463.35301
"2021-04-04 13:10:04.032000-07:00",1.002319343343,103914579368.15451
"2021-04-04 13:15:04.248000-07:00",1.00228804946006,103920937224.496
"2021-04-04 13:20:03.702000-07:00",1.00233263102276,104060568670.4852
"2021-04-04 13:25:03.869000-07:00",1.00296900260594,104173527682.4343
"2021-04-04 13:30:04.711000-07:00",1.0031885583242,104316343588.20306
"2021-04-04 13:35:03.784000-07:00",1.00331432387951,104312828222.42812
"2021-04-04 13:40:04.058000-07:00",1.00261174669297,104332226065.3656
"2021-04-04 13:45:05.248000-07:00",1.00259639880937,104370598678.75835
"2021-04-04 13:50:04.527000-07:00",1.00274401154312,104422176855.32443
"2021-04-04 13:55:03.623000-07:00",1.00284642857643,104185426246.53609
"2021-04-04 14:00:08.168000-07:00",1.00272241783473,104000688629.20831
"2021-04-04 14:05:04.477000-07:00",1.00234782222623,103552328169.8776
"2021-04-04 14:10:03.995000-07:00",1.00209820216396,103454775046.49403
"2021-04-04 14:15:04.038000-07:00",1.00185339015059,103396579863.2678
"2021-04-04 14:20:04.591000-07:00",1.00200503675374,103408074570.09921
"2021-04-04 14:25:03.530000-07:00",1.0018605182358,103422106199.29156
"2021-04-04 14:30:08.850000-07:00",1.00180358766103,103397431408.03995
"2021-04-04 14:35:03.969000-07:00",1.0017039190304,103383214521.09607
"2021-04-04 14:40:04.518000-07:00",1.00183355509359,103320057308.60922
"2021-04-04 14:45:03.782000-07:00",1.00182441447808,103274312559.37312
"2021-04-04 14:50:03.905000-07:00",1.0016630051393,103107863877.7747
"2021-04-04 14:55:04.075000-07:00",1.00144991012723,102953364129.45613
"2021-04-04 15:05:03.757000-07:00",1.00114124307186,101866816510.76077
"2021-04-04 15:10:04.037000-07:00",1.00135545582078,101112084769.7397
"2021-04-04 15:15:04.484000-07:00",1.00138190420072,100813647216.86417
"2021-04-04 15:20:04.125000-07:00",1.00135498747509,100681608987.73999
"2021-04-04 15:25:04.471000-07:00",1.00141476396294,100681222676.78763
"2021-04-04 15:30:05.286000-07:00",1.00128428844495,100762960600.2895
"2021-04-04 15:35:04.207000-07:00",1.00154289978755,100573284487.18898
"2021-04-04 15:40:04.115000-07:00",1.00167634651876,100395714797.50577
"2021-04-04 15:45:04.156000-07:00",1.00164464063406,100486887462.09677
"2021-04-04 15:50:04.772000-07:00",1.00167229158778,100379219398.71956
"2021-04-04 15:55:03.720000-07:00",1.00171036331291,100444108132.91116
"2021-04-04 16:00:09.305000-07:00",1.00250712744167,100337289459.73065
"2021-04-04 16:05:03.292000-07:00",1.0027065236083,100095112896.74203
"2021-04-04 16:10:04.188000-07:00",1.00276657047825,100067198900.78447
"2021-04-04 16:15:04.970000-07:00",1.00241609328605,100004609217.84836
"2021-04-04 16:20:05.594000-07:00",1.00244337026894,100005952094.00214
"2021-04-04 16:25:04.268000-07:00",1.00280042420202,99894254175.25066
"2021-04-04 16:30:05.435000-07:00",1.00351605046024,100017154737.53256
"2021-04-04 16:35:04.437000-07:00",1.00389733477331,100141486975.57344
"2021-04-04 16:40:07.259000-07:00",1.00421697343068,100012424788.33133
"2021-04-04 16:45:03.781000-07:00",1.00433926211168,99554921957.34206
"2021-04-04 16:50:04.690000-07:00",1.00409250311793,99547033874.91646
"2021-04-04 16:55:03.648000-07:00",1.00346559063913,99338977003.37425
"2021-04-04 17:05:04.311000-07:00",1.00314423894422,98759981402.26411
"2021-04-04 17:10:04.750000-07:00",1.00294569485028,98314172686.29718
"2021-04-04 17:15:04.079000-07:00",1.00241319295871,98523724745.38116
"2021-04-04 17:20:07.143000-07:00",1.00169437480617,98539293745.1722
"2021-04-04 17:25:04.241000-07:00",1.0015990790701,98838749241.70416
"2021-04-04 17:30:09.228000-07:00",1.00185622052046,98909924746.04883
"2021-04-04 17:35:04.877000-07:00",1.00157053586832,98772932274.3984
"2021-04-04 17:40:06.279000-07:00",1.0016308359053,98900896294.06874
"2021-04-04 17:45:03.369000-07:00",1.00178315972811,98704241467.12465
"2021-04-04 17:50:04.192000-07:00",1.00200206173689,98838276016.32672
"2021-04-04 17:55:04.108000-07:00",1.00163953385931,98949346272.54453
"2021-04-04 18:00:05.830000-07:00",1.00209858888673,98845522131.70218
"2021-04-04 18:05:03.647000-07:00",1.00284350316714,98154146851.44427
"2021-04-04 18:10:03.837000-07:00",1.00281302318159,97801690825.73439
"2021-04-04 18:15:04.968000-07:00",1.00337303301096,97711985051.29712
"2021-04-04 18:20:03.543000-07:00",1.00332629171266,97746846475.56125
"2021-04-04 18:25:03.521000-07:00",1.0030270078054,97725666247.38948
"2021-04-04 18:30:03.826000-07:00",1.00313111135558,97748727353.66373
"2021-04-04 18:35:04.132000-07:00",1.00275890914297,97903503332.5464
"2021-04-04 18:40:05.266000-07:00",1.00235608996971,98052496470.8036
"2021-04-04 18:45:04.265000-07:00",1.00222024385665,98094347165.78445
"2021-04-04 18:50:04.299000-07:00",1.0018954389281,98002947271.18806
"2021-04-04 18:55:04.636000-07:00",1.00177723976964,98083258032.87929
"2021-04-04 19:05:05.054000-07:00",1.00115249325621,97669182966.99086
"2021-04-04 19:10:05.031000-07:00",1.00145764022723,98154390382.65877
"2021-04-04 19:15:04.605000-07:00",1.00129968616438,98324700843.15929
"2021-04-04 19:20:04.015000-07:00",1.00123241767564,98378595982.7463
"2021-04-04 19:25:04.033000-07:00",1.00122862888508,98444525914.08624
"2021-04-04 19:30:05.988000-07:00",1.00115831417394,98639206813.18953
"2021-04-04 19:35:04.216000-07:00",1.00166821317052,98897313750.28256
"2021-04-04 19:40:04.654000-07:00",1.00111312413749,99187583393.06525
"2021-04-04 19:45:03.869000-07:00",1.00098241335119,99496641329.31139
"2021-04-04 19:50:04.103000-07:00",1.00134033360289,99611293810.38481
"2021-04-04 19:55:03.944000-07:00",1.00174299080723,99783732668.16266
"2021-04-04 20:00:04.848000-07:00",1.00218750129733,99950902010.27507
"2021-04-04 20:05:04.366000-07:00",1.00216319856199,99752789962.66956
"2021-04-04 20:10:04.608000-07:00",1.00257537762573,100043106014.94339
"2021-04-04 20:15:05.652000-07:00",1.00258183241299,100058875241.09773
"2021-04-04 20:20:04.770000-07:00",1.00270205163318,100163857271.3577
"2021-04-04 20:25:10.322000-07:00",1.00203915644361,100330597551.36734
"2021-04-04 20:30:08.819000-07:00",1.00202579692253,100590279118.18561
"2021-04-04 20:35:04.572000-07:00",1.00171723747303,100613876968.858
"2021-04-04 20:40:03.824000-07:00",1.00136253365293,100794130918.81332
"2021-04-04 20:45:04.719000-07:00",1.00153883795181,101015079040.7583
"2021-04-04 20:50:04.147000-07:00",1.00150724113519,101123382165.3209
"2021-04-04 20:55:04.154000-07:00",1.00076649177495,101387109154.53342
"2021-04-04 21:00:06.767000-07:00",1.00086655267787,101462569899.51561
"2021-04-04 21:05:04.602000-07:00",1.00116070891385,101636806231.96803
"2021-04-04 21:10:03.907000-07:00",1.00066242732426,102011752769.96645
"2021-04-04 21:15:04.309000-07:00",1.00036485541537,102085856383.41031
"2021-04-04 21:20:03.516000-07:00",1.00081665319791,102006190460.224
"2021-04-04 21:25:03.636000-07:00",1.00025573878184,102276982526.111
"2021-04-04 21:30:06.240000-07:00",1.0005033321597,102289291856.70029
"2021-04-04 21:35:04.610000-07:00",1.00060835779067,102519697844.6697
"2021-04-04 21:40:04.565000-07:00",1.00117650162212,102376359482.96089
"2021-04-04 21:45:04.804000-07:00",1.00053406286242,102524986323.3724
"2021-04-04 21:50:04.819000-07:00",1.00081321690616,102779498137.1307
"2021-04-04 21:55:03.913000-07:00",1.0005911814491,102723490504.60107
"2021-04-04 22:00:07.320000-07:00",1.00083040826089,102938379411.79315
"2021-04-04 22:05:04.250000-07:00",1.0008701178848,102993891502.72382
"2021-04-04 22:10:05.559000-07:00",1.00086117995562,102824911316.34593
"2021-04-04 22:15:03.890000-07:00",1.0014125341891,102601776027.21858
"2021-04-04 22:20:04.486000-07:00",1.00210494286534,102723990761.85825
"2021-04-04 22:25:03.737000-07:00",1.00241394867499,102617721947.07967
"2021-04-04 22:30:07.743000-07:00",1.00171535295862,103184148657.45615
"2021-04-04 22:35:04.402000-07:00",1.00189613076571,103333521951.15585
"2021-04-04 22:40:04.492000-07:00",1.0017682606918,103418661966.60957
"2021-04-04 22:45:09.319000-07:00",1.00231375148218,103610477796.6607
"2021-04-04 22:50:04.188000-07:00",1.00310332356776,103669343970.98776
"2021-04-04 22:55:04.775000-07:00",1.0031411346419,103519312175.46112
"2021-04-04 23:00:08.471000-07:00",1.00407902112139,103845204850.12091
"2021-04-04 23:05:04.780000-07:00",1.00404030560712,103723471578.54587
"2021-04-04 23:10:04.866000-07:00",1.00470038298478,104270034500.34181
"2021-04-04 23:15:08.900000-07:00",1.00469874068683,104414289532.78261
"2021-04-04 23:20:04.380000-07:00",1.00462844230618,104253382760.4931
"2021-04-04 23:25:04.482000-07:00",1.00452145369709,104278782137.9218
"2021-04-04 23:30:11.035000-07:00",1.00353986663948,104637859906.25327
"2021-04-04 23:35:03.742000-07:00",1.00291947578991,104728638493.06165
"2021-04-04 23:40:06.661000-07:00",1.0026563079843,104848067802.52354
"2021-04-04 23:45:03.648000-07:00",1.00251640861203,104900290922.50958
"2021-04-04 23:50:04.638000-07:00",1.0023221684766,104790128189.3529
"2021-04-04 23:55:03.995000-07:00",1.00251062797316,104942562815.9793
"2021-04-05 00:00:08.468000-07:00",1.00257358105373,104898258150.90547
"2021-04-05 00:05:03.797000-07:00",1.00225602021049,104545728407.19057
"2021-04-05 00:10:04.604000-07:00",1.00220817796669,104701604580.85426
"2021-04-05 00:15:03.779000-07:00",1.00226991416784,105317324671.46884
"2021-04-05 00:20:03.893000-07:00",1.0021143167036,105441358836.14824
"2021-04-05 00:25:04.047000-07:00",1.00209632635257,105392980572.60973
"2021-04-05 00:30:05.877000-07:00",1.00194347224427,105516640142.58212
"2021-04-05 00:35:03.857000-07:00",1.0020724302628,105571344225.71893
"2021-04-05 00:40:03.860000-07:00",1.00201473370546,105866639691.26007
"2021-04-05 00:45:04.054000-07:00",1.00200810308172,105874230384.52101
"2021-04-05 00:50:03.887000-07:00",1.00198249949472,106023457692.18446
"2021-04-05 00:55:04.147000-07:00",1.00183615122543,106170417160.05779
"2021-04-05 01:00:08.676000-07:00",1.00195494433731,106238368057.66077
"2021-04-05 01:05:04.653000-07:00",1.00183564335009,106254024698.0975
"2021-04-05 01:10:05.506000-07:00",1.00195806369254,106062163293.13988
"2021-04-05 01:15:04.014000-07:00",1.00207182851078,105930267752.02094
"2021-04-05 01:20:04.191000-07:00",1.00208438992653,105864412240.39963
"2021-04-05 01:25:04.006000-07:00",1.00224810667743,105729431688.05276
"2021-04-05 01:30:04.403000-07:00",1.00225107523889,105569699443.46356
"2021-04-05 01:35:03.485000-07:00",1.00222384067816,105771142781.82817
"2021-04-05 01:40:05.176000-07:00",1.00217655458338,105988961909.63075
"2021-04-05 01:45:04.291000-07:00",1.0019447807719,105991130764.03519
"2021-04-05 01:50:05.207000-07:00",1.00193566899449,106028664386.88052
"2021-04-05 01:55:04.269000-07:00",1.0018690955789,106251601292.89587
"2021-04-05 02:00:05.821000-07:00",1.00174564566752,106370608382.71254
"2021-04-05 02:05:03.896000-07:00",1.00174884951688,106184969492.42883
"2021-04-05 02:10:05.539000-07:00",1.00174830374989,106191114821.46663
"2021-04-05 02:15:04.286000-07:00",1.00165123679958,106484227311.18616
"2021-04-05 02:20:06.469000-07:00",1.00178998253158,106558608322.05243
"2021-04-05 02:25:04.296000-07:00",1.00162168573427,106721036568.17
"2021-04-05 02:30:06.232000-07:00",1.00166517504016,107159349164.47276
"2021-04-05 02:35:04.381000-07:00",1.00180200030552,107283791667.64604
"2021-04-05 02:40:04.484000-07:00",1.00174817590724,107432927701.62039
"2021-04-05 02:45:04.945000-07:00",1.00178392511007,107524349565.4488
"2021-04-05 02:50:05.831000-07:00",1.00187017106331,107550931562.54315
"2021-04-05 02:55:04.183000-07:00",1.00175155732146,107672076187.73776
"2021-04-05 03:00:16.555000-07:00",1.00171833986269,107666888671.12874
"2021-04-05 03:05:03.595000-07:00",1.00177887526973,107749791174.37425
"2021-04-05 03:10:04.937000-07:00",1.00174815726063,107869410297.22856
"2021-04-05 03:15:04.776000-07:00",1.00181789786215,107891361519.8524
"2021-04-05 03:20:04.120000-07:00",1.00193127790806,108019423974.9295
"2021-04-05 03:25:04.542000-07:00",1.00187768760187,108184186020.38867
"2021-04-05 03:30:11.336000-07:00",1.00197119483737,108383957140.54747
"2021-04-05 03:35:03.543000-07:00",1.00204010470011,108386864705.15869
"2021-04-05 03:40:03.610000-07:00",1.00208485316288,108365873337.07198
"2021-04-05 03:45:03.638000-07:00",1.00205851289657,108565861405.1949
"2021-04-05 03:50:03.767000-07:00",1.00203754272532,108519452403.83342
"2021-04-05 03:55:03.930000-07:00",1.00200489781141,108618845199.89941
"2021-04-05 04:00:10.095000-07:00",1.00178529208632,108860870101.60172
"2021-04-05 04:05:04.263000-07:00",1.00170469965804,108730702769.56036
"2021-04-05 04:10:06.855000-07:00",1.00164304521225,108780431144.83354
"2021-04-05 04:15:05.797000-07:00",1.00167216277968,108940778501.20924
"2021-04-05 04:20:06.744000-07:00",1.00170103556344,109085087521.09317
"2021-04-05 04:25:03.801000-07:00",1.00173555628945,109200768575.90747
"2021-04-05 04:30:04.977000-07:00",1.00186865364012,109195293516.08195
"2021-04-05 04:35:03.834000-07:00",1.00183455904286,109302236492.01968
"2021-04-05 04:40:05.499000-07:00",1.00186633510297,109262609785.47267
"2021-04-05 04:45:04.949000-07:00",1.0018003704505,109378519152.97816
"2021-04-05 04:50:05.094000-07:00",1.00173986805081,109494689718.33257
"2021-04-05 04:55:04.288000-07:00",1.00176875917373,109456125571.53839
"2021-04-05 05:00:05.913000-07:00",1.00173265138002,109381971983.71156
"2021-04-05 05:05:04.062000-07:00",1.001664717949,108898448857.69089
"2021-04-05 05:10:04.229000-07:00",1.00159475062797,108717479574.23209
"2021-04-05 05:15:09.970000-07:00",1.0015274860675,108622340459.08426
"2021-04-05 05:20:03.822000-07:00",1.0016452996737,108617048021.34697
"2021-04-05 05:25:04.001000-07:00",1.00173017149354,108510510494.18712
"2021-04-05 05:30:06.033000-07:00",1.00178922898661,108644016602.93953
"2021-04-05 05:35:03.542000-07:00",1.00184175178409,108696520768.45316
"2021-04-05 05:40:05.069000-07:00",1.0018323355494,108919670297.51945
"2021-04-05 05:45:04.614000-07:00",1.00187127396269,108915169434.8699
"2021-04-05 05:50:06.404000-07:00",1.00189233409405,108958867152.23502
"2021-04-05 05:55:03.692000-07:00",1.00171699543521,109159060947.85835
"2021-04-05 06:00:04.342000-07:00",1.00187126359766,109238934611.89844
"2021-04-05 06:05:04.451000-07:00",1.00188364481898,109209350579.0397
"2021-04-05 06:10:03.970000-07:00",1.00188909074926,108940301012.47046
"2021-04-05 06:15:04.136000-07:00",1.00189594054502,109298777127.40431
"2021-04-05 06:20:06.037000-07:00",1.00195614570054,109135229610.5912
"2021-04-05 06:25:05.093000-07:00",1.00194699261853,108871449349.63687
"2021-04-05 06:30:06.121000-07:00",1.0019544093249,108914811673.40575
"2021-04-05 06:35:04.308000-07:00",1.00188656589377,109398684681.0303
"2021-04-05 06:40:05.460000-07:00",1.00183700786066,109606807371.69427
"2021-04-05 06:45:04.290000-07:00",1.00171287897034,109830579246.26076
"2021-04-05 06:50:04.394000-07:00",1.00178666044173,109943009567.33981
"2021-04-05 06:55:03.477000-07:00",1.00191404110978,110281794766.34244
"2021-04-05 07:00:07.901000-07:00",1.00191411475852,110470033022.46399
"2021-04-05 07:05:03.793000-07:00",1.0017309526586,110457647464.17389
"2021-04-05 07:10:04.242000-07:00",1.00163857307335,110906333701.21672
"2021-04-05 07:15:03.340000-07:00",1.00162540870029,111069559421.2116
"2021-04-05 07:20:03.764000-07:00",1.00160209706601,110995829558.16835
"2021-04-05 07:25:04.053000-07:00",1.00154547907071,111215220376.4304
"2021-04-05 07:30:06.031000-07:00",1.00139178532654,111791063767.58392
"2021-04-05 07:35:06.453000-07:00",1.00150148672567,112138482640.338
"2021-04-05 07:40:06.512000-07:00",1.00128417486496,112555557173.36652
"2021-04-05 07:45:06.142000-07:00",1.00098770287117,113138580674.3042
"2021-04-05 07:50:04.122000-07:00",1.00088231458367,113356728404.8446
"2021-04-05 07:55:04.948000-07:00",1.00084925598029,113752837451.54173
"2021-04-05 08:00:12.004000-07:00",1.00084546144105,114080449583.85889
"2021-04-05 08:05:04.915000-07:00",1.0007244944553,114154080210.02753
"2021-04-05 08:10:04.169000-07:00",1.00090948177991,114018498941.2937
"2021-04-05 08:15:06.007000-07:00",1.00079137623365,114250363998.25427
"2021-04-05 08:20:05.165000-07:00",1.00078336789178,114309514154.10934
"2021-04-05 08:25:04.797000-07:00",1.00075984914271,114526994637.0061
"2021-04-05 08:30:07.366000-07:00",1.00082533169328,114679557451.507
"2021-04-05 08:35:04.502000-07:00",1.00066965605594,114689632240.286
"2021-04-05 08:40:04.457000-07:00",1.00066488828044,115023751599.4607
"2021-04-05 08:45:03.561000-07:00",1.00063130224661,114749628927.51071
"2021-04-05 08:50:05.560000-07:00",1.0006513934884,114596129085.3961
"2021-04-05 08:55:03.703000-07:00",1.00050088259927,114788510342.27814
"2021-04-05 09:00:25.923000-07:00",1.0005555100212,114931900249.76152
"2021-04-05 09:05:03.937000-07:00",1.00035774955396,114863712495.058
"2021-04-05 09:10:04.265000-07:00",1.00039414718526,115059277062.95956
"2021-04-05 09:15:05.473000-07:00",1.00040157728291,115550941173.00128
"2021-04-05 09:20:03.781000-07:00",1.00045430223822,115571337112.05685
"2021-04-05 09:25:03.833000-07:00",1.00045077566252,115998343391.77559
"2021-04-05 09:30:10.330000-07:00",1.00038020860307,116391331783.45854
"2021-04-05 09:35:05.535000-07:00",1.00032038723095,116591833690.9028
"2021-04-05 09:40:03.942000-07:00",1.00020116908047,117133033852.79451
"2021-04-05 09:45:08.341000-07:00",1.00023233317324,117666437239.67943
"2021-04-05 09:50:05.196000-07:00",1.00023434641439,118025737535.75658
"2021-04-05 09:55:04.257000-07:00",0.99993589175803,118269766165.17303
"2021-04-05 10:00:13.986000-07:00",0.9999032834872,118840387084.79309
"2021-04-05 10:05:04.825000-07:00",0.99990501766991,118791560963.7556
"2021-04-05 10:10:05.289000-07:00",0.99994233873861,118858510732.0242
"2021-04-05 10:15:05.885000-07:00",0.99988633647081,119231356122.90623
"2021-04-05 10:20:04.200000-07:00",0.99978564216031,119414105262.23444
"2021-04-05 10:25:04.676000-07:00",0.99996622938115,119665914842.50662
"2021-04-05 10:30:05.698000-07:00",0.99999194915192,119968066012.66682
"2021-04-05 10:35:03.923000-07:00",1.00003937420476,119969688169.26324
"2021-04-05 10:40:04.561000-07:00",1.00015529292199,120492911892.35803
"2021-04-05 10:45:04.287000-07:00",1.00015689028014,120778008226.49377
"2021-04-05 10:50:04.419000-07:00",1.00024482648689,120720879198.57628
"2021-04-05 10:55:04.561000-07:00",1.00021220009744,120809550833.48949
"2021-04-05 11:00:05.794000-07:00",1.0001661823376,121022790681.35213
"2021-04-05 11:05:05.601000-07:00",1.00014257539459,120969001594.24048
"2021-04-05 11:10:03.890000-07:00",1.00026667846816,121024247355.65962
"2021-04-05 11:15:09.020000-07:00",1.00019628762687,121204634838.2105
"2021-04-05 11:20:04.280000-07:00",1.00022401216821,121220913008.05568
"2021-04-05 11:25:04.838000-07:00",1.00032924863755,121334053731.801
"2021-04-05 11:30:07.099000-07:00",1.00023579528986,121647929587.656
"2021-04-05 11:35:04.336000-07:00",1.00028909596887,122064508856.42207
"2021-04-05 11:40:04.117000-07:00",1.0003151988331,122187204563.71797
"2021-04-05 11:45:10.078000-07:00",1.00024640054085,122481576699.30911
"2021-04-05 11:50:03.635000-07:00",1.00031860639864,122494476318.24507
"2021-04-05 11:55:03.654000-07:00",1.00031896729033,122727756039.48582
"2021-04-05 12:00:06.651000-07:00",1.00039162319615,122956814047.14156
"2021-04-05 12:05:04.290000-07:00",1.00042758882437,123019408174.13358
"2021-04-05 12:10:04.841000-07:00",1.00038568945305,123159218909.7343
"2021-04-05 12:15:05.967000-07:00",1.0004403678239,123196917766.11942
"2021-04-05 12:20:04.068000-07:00",1.00033708722177,123378059248.54712
"2021-04-05 12:25:04.496000-07:00",1.00041776055884,123492024618.38655
"2021-04-05 12:30:07.654000-07:00",1.00035265740683,123560759741.09178
"2021-04-05 12:35:03.627000-07:00",1.00033612209235,123607817135.41803
"2021-04-05 12:40:04.308000-07:00",1.00044233633397,123760429850.00351
"2021-04-05 12:45:04.211000-07:00",1.00049342433326,123688670615.08606
"2021-04-05 12:50:04.520000-07:00",1.00040018064263,123923838279.48697
"2021-04-05 12:55:04.025000-07:00",1.00043636364819,124201085815.10855
"2021-04-05 13:00:05.892000-07:00",1.00056644505599,124550571674.74846
"2021-04-05 13:05:04.483000-07:00",1.00053145098157,124682281516.14972
"2021-04-05 13:10:04.742000-07:00",1.00056141162825,124918005508.15968
"2021-04-05 13:15:03.940000-07:00",1.00053479617449,124977384107.18796
"2021-04-05 13:20:05.063000-07:00",1.00057526786764,125048064548.64905
"2021-04-05 13:25:04.141000-07:00",1.00060851227014,125232916315.14438
"2021-04-05 13:30:04.902000-07:00",1.00056266610462,125438595588.08221
"2021-04-05 13:35:03.895000-07:00",1.00033176913848,125489314638.23927
"2021-04-05 13:40:05.434000-07:00",1.00041468924868,125840665576.87589
"2021-04-05 13:45:04.008000-07:00",1.00051881268236,125989557894.5327
"2021-04-05 13:50:04.738000-07:00",1.00047965790096,126074732181.45561
"2021-04-05 13:55:04.027000-07:00",1.0003612213919,126205229868.47438
"2021-04-05 14:00:07.457000-07:00",1.00035496618781,126469412132.10603
"2021-04-05 14:05:04.895000-07:00",1.00037739484497,126440133788.49614
"2021-04-05 14:10:04.597000-07:00",1.00032473802987,126649225460.30779
"2021-04-05 14:15:03.879000-07:00",1.00029320016756,126831844030.49986
"2021-04-05 14:20:04.697000-07:00",1.00051618496918,126736752257.86845
"2021-04-05 14:25:03.794000-07:00",1.00037392452775,126951614458.65094
"2021-04-05 14:30:04.219000-07:00",1.0004588208686,127291532725.17065
"2021-04-05 14:35:04.102000-07:00",1.0004952757672,127286292778.51831
"2021-04-05 14:40:04.114000-07:00",1.00053239840462,127340754594.3682
"2021-04-05 14:45:04.562000-07:00",1.00052797495697,127960750925.6885
"2021-04-05 14:50:03.811000-07:00",1.00051251665286,128098414975.16016
"2021-04-05 14:55:03.772000-07:00",1.00042654394333,128276538723.80724
"2021-04-05 15:00:07.884000-07:00",1.00043655482188,128450281390.1077
"2021-04-05 15:05:03.932000-07:00",1.00042522219747,128365428397.20537
"2021-04-05 15:10:04.692000-07:00",1.00029638490337,128588477271.7345
"2021-04-05 15:15:04.434000-07:00",1.00028296012794,128454508126.18593
"2021-04-05 15:20:04.874000-07:00",1.00043002167858,128518020146.41849
"2021-04-05 15:25:09.125000-07:00",1.00023099106693,128916877291.2632
"2021-04-05 15:30:07.527000-07:00",1.00022442594389,128947369982.28647
"2021-04-05 15:35:04.983000-07:00",1.00025451657203,128967952977.83995
"2021-04-05 15:40:05.398000-07:00",1.00028755330254,129082554459.59776
"2021-04-05 15:45:04.262000-07:00",1.00033639476765,129202255819.72462
"2021-04-05 15:50:04.795000-07:00",1.00022853825429,129606679082.62685
"2021-04-05 15:55:08.819000-07:00",1.00017560166045,129893295281.57535
"2021-04-05 16:00:07.768000-07:00",1.00018220120692,129870913843.97427
"2021-04-05 16:05:05.056000-07:00",1.00008287397649,129803642270.459
"2021-04-05 16:10:05.739000-07:00",1.0001868894413,129852486603.28699
"2021-04-05 16:15:04.257000-07:00",1.00021468801884,129618974427.19986
"2021-04-05 16:20:09.341000-07:00",1.00030128081531,129953454757.8784
"2021-04-05 16:25:03.729000-07:00",1.00041958136398,130658647284.26247
"2021-04-05 16:30:07.872000-07:00",1.00040842275132,131053132948.77554
"2021-04-05 16:35:04.014000-07:00",1.00052020622731,131309786704.27203
"2021-04-05 16:40:04.896000-07:00",1.0005526983517,131445743469.46507
"2021-04-05 16:45:04.526000-07:00",1.0003882781041,131809538951.42545
"2021-04-05 16:50:04.768000-07:00",1.00038246130827,131937548532.84373
"2021-04-05 16:55:03.887000-07:00",1.00027252050409,131985974676.53955
"2021-04-05 17:00:23.769000-07:00",1.00019345437547,132244461457.22983
"2021-04-05 17:05:09.342000-07:00",1.00004840659712,132143837888.69598
"2021-04-05 17:10:04.138000-07:00",0.99981547978079,132253511775.2453
"2021-04-05 17:15:05.967000-07:00",0.99976949057046,132559318845.33008
"2021-04-05 17:20:04.896000-07:00",0.99972650946242,132326529586.13596
"2021-04-05 17:25:05.602000-07:00",0.99973352265717,132060088283.31885
"2021-04-05 17:30:09.697000-07:00",0.99971259334497,132359131890.04941
"2021-04-05 17:35:05.643000-07:00",0.99965779821993,132234470054.39407
"2021-04-05 17:40:04.764000-07:00",0.99967820184217,132323696417.94502
"2021-04-05 17:45:07.557000-07:00",0.99960227859487,132495614215.20993
"2021-04-05 17:50:04.604000-07:00",0.99972279007998,132549856345.41237
"2021-04-05 17:55:03.491000-07:00",0.99975707384118,132625255218.34439
"2021-04-05 18:00:16.676000-07:00",0.99961970771252,132506445407.24445
"2021-04-05 18:05:03.468000-07:00",0.99956136723009,132249025526.87866
"2021-04-05 18:10:04.488000-07:00",0.99966177095248,132366077922.61461
"2021-04-05 18:15:09.321000-07:00",0.99957691129192,132598718552.80727
"2021-04-05 18:20:03.685000-07:00",0.99972222836661,132334321191.23822
"2021-04-05 18:25:03.660000-07:00",0.99977594566061,132370763217.98425
"2021-04-05 18:30:07.971000-07:00",0.99992674326896,132683083789.8644
"2021-04-05 18:35:04.345000-07:00",0.99995715334805,132930282689.46487
"2021-04-05 18:40:04.025000-07:00",0.99988601148005,133197242149.24574
"2021-04-05 18:45:04.226000-07:00",0.99986599104539,133230632445.62523
"2021-04-05 18:50:03.776000-07:00",0.9999436787035,133324388550.5993
"2021-04-05 18:55:04.384000-07:00",0.99999358533047,133535559452.87468
"2021-04-05 19:00:13.340000-07:00",1.00007429492668,133500588765.59885
"2021-04-05 19:05:03.292000-07:00",1.00008639856343,133200852237.50462
"2021-04-05 19:10:03.827000-07:00",1.0001851246732,132937000843.01672
"2021-04-05 19:15:05.459000-07:00",1.00018157782788,133046341264.6628
"2021-04-05 19:20:04.377000-07:00",1.00014329086267,133161117861.08635
"2021-04-05 19:25:05.180000-07:00",1.00016305885435,132965929975.61154
"2021-04-05 19:30:09.599000-07:00",1.00015663498935,132601994521.79323
"2021-04-05 19:35:04.694000-07:00",1.00006509017826,132595784199.37602
"2021-04-05 19:40:06.009000-07:00",1.00016504507416,132356767513.86627
"2021-04-05 19:45:04.376000-07:00",1.00010841825079,132189873164.27878
"2021-04-05 19:50:04.622000-07:00",1.00014659962857,132039077896.0474
"2021-04-05 19:55:03.871000-07:00",1.0002588317748,132193424654.55756
"2021-04-05 20:00:07.367000-07:00",1.00020668402697,132135044333.76456
"2021-04-05 20:05:04.239000-07:00",1.00016192783227,132055468820.05205
"2021-04-05 20:10:05.063000-07:00",1.00014378048094,131843647235.28143
"2021-04-05 20:15:04.453000-07:00",1.00021050488615,131821100258.60974
"2021-04-05 20:20:08.882000-07:00",1.0001713936936,131683821783.81505
"2021-04-05 20:25:03.851000-07:00",1.00016114604699,131787587157.86739
"2021-04-05 20:30:09.174000-07:00",1.00016529068704,131066630750.32773
"2021-04-05 20:35:05.147000-07:00",1.00010980432132,130836473852.09491
"2021-04-05 20:40:05.532000-07:00",1.0002194077056,131153658429.90411
"2021-04-05 20:45:03.868000-07:00",1.00012932224991,131186765670.83492
"2021-04-05 20:50:04.341000-07:00",1.00019549665078,131101871995.94038
"2021-04-05 20:55:04.486000-07:00",1.00020449210564,131081039497.64165
"2021-04-05 21:00:12.220000-07:00",1.00014499402857,131371725772.863
"2021-04-05 21:05:04.950000-07:00",1.0003229177155,131142115717.50366
"2021-04-05 21:10:04.057000-07:00",1.00026434101522,131039995797.05148
"2021-04-05 21:15:04.134000-07:00",1.00028652521753,130867037066.72034
"2021-04-05 21:20:04.549000-07:00",1.00033337100003,130799461628.38165
"2021-04-05 21:25:03.641000-07:00",1.00028790111384,130816168127.90108
"2021-04-05 21:30:06.315000-07:00",1.00033330234466,130814108568.8688
"2021-04-05 21:35:05.575000-07:00",1.00034801578333,130924653232.90056
"2021-04-05 21:40:06.109000-07:00",1.00021228627728,131071217746.6039
"2021-04-05 21:45:09.552000-07:00",1.00034773881894,131064574961.47588
"2021-04-05 21:50:09.421000-07:00",1.00024016837213,130940165175.04207
"2021-04-05 21:55:05.308000-07:00",1.00018338375029,130818111685.07022
"2021-04-05 22:00:07.417000-07:00",1.00019897340644,130694232761.41359
"2021-04-05 22:05:03.872000-07:00",1.00018482657257,130450969667.55692
"2021-04-05 22:10:05.586000-07:00",1.0003239537346,130154330143.097
"2021-04-05 22:15:05.663000-07:00",1.00026780410635,130059783468.31287
"2021-04-05 22:20:04.165000-07:00",1.00027795579917,130017507226.57948
"2021-04-05 22:25:04.536000-07:00",1.00006260198998,129653899421.74573
"2021-04-05 22:30:05.478000-07:00",1.00015648761817,129474965579.64018
"2021-04-05 22:35:04.971000-07:00",1.00008523730967,129338057873.63629
"2021-04-05 22:40:07.683000-07:00",0.99996073564353,129359437253.73239
"2021-04-05 22:45:04.558000-07:00",1.00003304400486,129433501994.4413
"2021-04-05 22:50:05.692000-07:00",1.00001008546278,129419968570.53613
"2021-04-05 22:55:04.734000-07:00",1.00021254788234,129345317272.69568
"2021-04-05 23:00:14.479000-07:00",1.00023656644866,129161573518.55948
"2021-04-05 23:05:05.363000-07:00",1.00028525249924,128738709791.42743
"2021-04-05 23:10:04.445000-07:00",1.00028968265988,128367391425.65074
"2021-04-05 23:15:12.705000-07:00",1.00037163767019,128274509836.06253
"2021-04-05 23:20:11.702000-07:00",1.00030346848211,128195214896.324
"2021-04-05 23:25:04.282000-07:00",1.00032825301664,128247088538.84373
"2021-04-05 23:30:06.780000-07:00",1.00020644401534,128107626788.51726
"2021-04-05 23:35:03.651000-07:00",1.0002257923792,128084281125.43713
"2021-04-05 23:40:05.795000-07:00",1.00013272507912,128065392467.4797
"2021-04-05 23:45:05.431000-07:00",1.00017057122696,128272563348.28252
"2021-04-05 23:50:03.639000-07:00",1.00025869969731,128176220333.31352
"2021-04-05 23:55:03.689000-07:00",1.00023120745468,128179016487.75719
"2021-04-06 00:00:09.128000-07:00",1.00033355668302,128073051147.15652
"2021-04-06 00:05:05.786000-07:00",1.00040821239763,127960154255.56932
"2021-04-06 00:10:06.885000-07:00",1.00033545921906,127757287335.42032
"2021-04-06 00:15:04.206000-07:00",1.00049325180441,127546426091.6
"2021-04-06 00:20:03.869000-07:00",1.00047347436179,127498835997.92194
"2021-04-06 00:25:04.367000-07:00",1.00042383061389,127613985446.36584
"2021-04-06 00:30:08.248000-07:00",1.00051939359976,127444408328.2633
"2021-04-06 00:35:04.061000-07:00",1.00054742223424,127521679379.25452
"2021-04-06 00:40:04.633000-07:00",1.00056600478993,127663725361.3025
"2021-04-06 00:45:05.469000-07:00",1.00057973096869,127526101217.98917
"2021-04-06 00:50:04.790000-07:00",1.00064461951412,127637374045.5701
"2021-04-06 00:55:04.549000-07:00",1.00072164993835,127770505047.90292
"2021-04-06 01:00:05.421000-07:00",1.0008387866152,127771946452.25598
"2021-04-06 01:05:04.258000-07:00",1.0007756157853,127958437287.86143
"2021-04-06 01:10:04.708000-07:00",1.00069674206616,128250993281.08917
"2021-04-06 01:15:04.504000-07:00",1.00006365815711,129533151137.56685
"2021-04-06 01:20:04.920000-07:00",0.99995802531132,129874155674.15053
"2021-04-06 01:25:04.831000-07:00",0.99992989386746,130430531109.49677
"2021-04-06 01:30:06.366000-07:00",1.00005620189182,130831933454.78288
"2021-04-06 01:35:03.990000-07:00",1.00008598507096,130805501768.49332
"2021-04-06 01:40:04.465000-07:00",1.00011611257257,131225157872.94662
"2021-04-06 01:45:03.674000-07:00",1.00031054736595,131890989390.79156
"2021-04-06 01:50:03.734000-07:00",1.00041433034051,131801935429.97264
"2021-04-06 01:55:03.785000-07:00",1.00038121799768,132176261881.75511
"2021-04-06 02:00:06.671000-07:00",1.00061485767193,132667258743.33244
"2021-04-06 02:05:04.266000-07:00",1.00079762798734,132622743490.26265
"2021-04-06 02:10:04.425000-07:00",1.00077956105148,132972532460.14684
"2021-04-06 02:15:04.921000-07:00",1.00076074162426,133321775586.71844
"2021-04-06 02:20:08.738000-07:00",1.00081774814216,133575826912.91586
"2021-04-06 02:25:03.577000-07:00",1.00074270835662,133789282528.60686
"2021-04-06 02:30:06.013000-07:00",1.00061215067241,133790362943.24905
"2021-04-06 02:35:03.967000-07:00",1.00063684049263,133854917439.27011
"2021-04-06 02:40:04.315000-07:00",1.00066091669573,134109288935.36855
"2021-04-06 02:45:04.432000-07:00",1.0005810683229,134316977841.87334
"2021-04-06 02:50:04.477000-07:00",1.00052258632892,134283230564.8897
"2021-04-06 02:55:03.453000-07:00",1.00056001387714,134475527150.67104
"2021-04-06 03:00:16.968000-07:00",1.00065614137595,134527667292.9587
"2021-04-06 03:05:04.829000-07:00",1.00059308185646,134676061495.85413
"2021-04-06 03:10:05.145000-07:00",1.00069373630869,135031459879.02892
"2021-04-06 03:15:05.930000-07:00",1.00069028585869,135250902081.90602
"2021-04-06 03:20:04.808000-07:00",1.000710178999,135406483412.51562
"2021-04-06 03:25:03.866000-07:00",1.00075680569208,135510228224.8524
"2021-04-06 03:30:05.127000-07:00",1.00067638885378,136091709869.14043
"2021-04-06 03:35:04.057000-07:00",1.00051399091063,136624802885.91925
"2021-04-06 03:40:06.114000-07:00",1.00048516683671,136882474582.71086
"2021-04-06 03:45:04.154000-07:00",1.00062430648079,137340817046.1272
"2021-04-06 03:50:05.992000-07:00",1.00062200761866,137480147357.38928
"2021-04-06 03:55:04.123000-07:00",1.00066301001484,137475259571.01367
"2021-04-06 04:00:07.548000-07:00",1.00058859285092,137040413515.3958
"2021-04-06 04:05:03.914000-07:00",1.0008364200995,137291601958.44933
"2021-04-06 04:10:04.861000-07:00",1.00081192894242,138244789702.58463
"2021-04-06 04:15:03.948000-07:00",1.00092912551697,138231054565.20547
"2021-04-06 04:20:05.868000-07:00",1.00094086630672,138628899369.862
"2021-04-06 04:25:04.541000-07:00",1.00096042127763,139122968564.57123
"2021-04-06 04:30:05.638000-07:00",1.00108182753481,139779539613.16757
"2021-04-06 04:35:03.527000-07:00",1.00098589121946,139749045089.3742
"2021-04-06 04:40:03.532000-07:00",1.00113197203188,139892924112.6085
"2021-04-06 04:45:03.573000-07:00",1.00110200340634,140407956561.72046
"2021-04-06 04:50:03.727000-07:00",1.00109606003521,140410941530.2227
"2021-04-06 04:55:03.850000-07:00",1.00110528578793,140628759032.26147
"2021-04-06 05:00:18.328000-07:00",1.00103669074433,141209653345.73917
"2021-04-06 05:05:03.990000-07:00",1.00096706204824,141289101839.70178
"2021-04-06 05:10:04.535000-07:00",1.00085459888862,141748020640.79675
"2021-04-06 05:15:03.893000-07:00",1.00077816127423,141986239843.35464
"2021-04-06 05:20:04.587000-07:00",1.00065430407936,142146032890.33572
"2021-04-06 05:25:03.612000-07:00",1.00058144584711,142374755555.02042
"2021-04-06 05:30:12.710000-07:00",1.00054072817954,143015884195.9621
"2021-04-06 05:35:04.736000-07:00",1.00050702611801,143104532965.0771
"2021-04-06 05:40:06.970000-07:00",1.00049441279187,143463321280.92404
"2021-04-06 05:45:05.125000-07:00",1.00036522872797,143822069423.50735
"2021-04-06 05:50:05.616000-07:00",1.00033686451954,144002998516.94275
"2021-04-06 05:55:04.602000-07:00",1.00029223673106,144015022261.02417
"2021-04-06 06:00:06.980000-07:00",1.00026308616165,143734053801.6775
"2021-04-06 06:05:03.994000-07:00",1.00038065374903,143749716015.90195
"2021-04-06 06:10:06.322000-07:00",1.00030448117967,144042293236.90634
"2021-04-06 06:15:04.450000-07:00",1.00047108330448,144278037434.59354
"2021-04-06 06:20:06.244000-07:00",1.00040415053777,144270037011.37915
"2021-04-06 06:25:06.035000-07:00",1.0003664243765,144420108996.52042
"2021-04-06 06:30:06.118000-07:00",1.00038371039444,144303981027.04965
"2021-04-06 06:35:05.065000-07:00",1.0003078024165,144308258931.76514
"2021-04-06 06:40:04.732000-07:00",1.00047659322473,144208099514.07358
"2021-04-06 06:45:03.701000-07:00",1.00046202805164,144243482668.84512
"2021-04-06 06:50:03.870000-07:00",1.00045766683772,144261070575.1395
"2021-04-06 06:55:04.445000-07:00",1.00049306857387,143922417404.3501
"2021-04-06 07:00:32.507000-07:00",1.0004824457217,144407805148.01437
"2021-04-06 07:05:06.096000-07:00",1.00057245305924,143837851142.20166
"2021-04-06 07:10:04.734000-07:00",1.00064307859388,144144147668.1102
"2021-04-06 07:15:04.422000-07:00",1.0009683085684,143473970841.20758
"2021-04-06 07:20:06.447000-07:00",1.00100645874697,145245209970.8109
"2021-04-06 07:25:05.022000-07:00",1.00101256703546,145403220515.4301
"2021-04-06 07:30:11.720000-07:00",1.00098823321341,146170909101.72388
"2021-04-06 07:35:05.227000-07:00",1.00110002039546,146641062124.05655
"2021-04-06 07:40:04.654000-07:00",1.00102197001904,147943561402.80396
"2021-04-06 07:45:05.129000-07:00",1.00115591733031,148240818809.6759
"2021-04-06 07:50:03.681000-07:00",1.00114296207822,148273875471.76038
"2021-04-06 07:55:04.554000-07:00",1.00146102448519,148972568368.5064
"2021-04-06 08:00:06.924000-07:00",1.00141905233854,149074413924.69907
"2021-04-06 08:05:05.162000-07:00",1.00122656857936,149199160838.51398
"2021-04-06 08:10:08.023000-07:00",1.00109643026784,148990359914.29965
"2021-04-06 08:15:04.255000-07:00",1.00122582856845,148492332344.934
"2021-04-06 08:20:06.063000-07:00",1.0012035132554,148541255743.08353
"2021-04-06 08:25:04.374000-07:00",1.00122380574314,148736050982.68674
"2021-04-06 08:30:04.744000-07:00",1.00124015775822,148933152636.1438
"2021-04-06 08:35:04.814000-07:00",1.00140002650502,148881574218.84808
"2021-04-06 08:40:04.019000-07:00",1.00138664528313,148977461472.4732
"2021-04-06 08:45:04.381000-07:00",1.001314466374,149702303582.71472
"2021-04-06 08:50:04.975000-07:00",1.00147903135116,149949011510.30716
"2021-04-06 08:55:05.109000-07:00",1.00149260564225,150501173287.7667
"2021-04-06 09:00:16.964000-07:00",1.00156582532496,150705282843.0089
"2021-04-06 09:05:05.118000-07:00",1.00143412691173,150039231198.27594
"2021-04-06 09:10:06.423000-07:00",1.00142524639133,150203950908.18652
"2021-04-06 09:15:05.800000-07:00",1.00131619642373,150875230342.49628
"2021-04-06 09:20:06.167000-07:00",1.00130098524606,150793041908.9993
"2021-04-06 09:25:05.030000-07:00",1.00134482288614,150898868045.9453
"2021-04-06 09:30:09.946000-07:00",1.00137136818446,150839264676.64337
"2021-04-06 09:35:05.027000-07:00",1.00142209713716,150798540741.88818
"2021-04-06 09:40:04.342000-07:00",1.00152414121511,150788945215.30334
"2021-04-06 09:45:05.365000-07:00",1.00147617240859,150624932785.32047
"2021-04-06 09:50:04.117000-07:00",1.00144531509041,150448866754.00317
"2021-04-06 09:55:04.929000-07:00",1.00151279392517,150259896659.55322
"2021-04-06 10:00:05.633000-07:00",1.00140353200435,150077017889.3416
"2021-04-06 10:05:04.205000-07:00",1.00152447118731,149683580900.6223
"2021-04-06 10:10:05.414000-07:00",1.00150715860843,149510266391.6932
"2021-04-06 10:15:09.070000-07:00",1.00146964338885,148652526861.5516
"2021-04-06 10:20:03.774000-07:00",1.00145352150147,149428133044.0161
"2021-04-06 10:25:04.511000-07:00",1.00147829428182,149422127318.719
"2021-04-06 10:30:05.567000-07:00",1.00141396835443,149326562199.0494
"2021-04-06 10:35:03.999000-07:00",1.00143525720929,149235758965.731
"2021-04-06 10:40:09.609000-07:00",1.00139635216625,149378256731.0404
"2021-04-06 10:45:05.080000-07:00",1.00136679602601,149412199023.66788
"2021-04-06 10:50:06.191000-07:00",1.00147318492307,149437291127.9447
"2021-04-06 10:55:05.011000-07:00",1.00148478217029,149544916855.88055
"2021-04-06 11:00:06.250000-07:00",1.00148729609776,149387738553.5533
"2021-04-06 11:05:04.298000-07:00",1.0015824666971,148936650473.42584
"2021-04-06 11:10:08.205000-07:00",1.00166619865881,148801967048.9762
"2021-04-06 11:15:04.239000-07:00",1.00160897157661,148932581952.23245
"2021-04-06 11:20:05.099000-07:00",1.00177086009959,147196446599.79147
"2021-04-06 11:25:04.374000-07:00",1.00175665946966,147462308545.0199
"2021-04-06 11:30:10.417000-07:00",1.00183107301924,147392650963.891
"2021-04-06 11:35:04.412000-07:00",1.00177450668388,147314470943.18875
"2021-04-06 11:40:06.359000-07:00",1.00177967807489,147187515645.34277
"2021-04-06 11:45:04.758000-07:00",1.0017534985409,147062750964.139
"2021-04-06 11:50:04.020000-07:00",1.00191495285886,147114302145.68475
"2021-04-06 11:55:04.091000-07:00",1.00190674185217,146907877085.16675
"2021-04-06 12:00:09.916000-07:00",1.00195470518324,147051926086.4931
"2021-04-06 12:05:04.317000-07:00",1.001944421167,146567798501.8489
"2021-04-06 12:10:09.808000-07:00",1.00186059297018,146693399909.76123
"2021-04-06 12:15:04.015000-07:00",1.00177879240519,147168994378.60895
"2021-04-06 12:20:05.994000-07:00",1.00187313792957,147154150342.43112
"2021-04-06 12:25:03.890000-07:00",1.00186571022777,146868662895.12012
"2021-04-06 12:30:04.706000-07:00",1.00186937139881,146860756561.1553
"2021-04-06 12:35:03.921000-07:00",1.00181915419586,146650487704.52676
"2021-04-06 12:40:04.463000-07:00",1.00177439277075,147020109483.53568
"2021-04-06 12:45:05.185000-07:00",1.00176626004639,146869861085.22784
"2021-04-06 12:50:03.464000-07:00",1.00161911841944,146950280495.2768
"2021-04-06 12:55:03.484000-07:00",1.00169470859753,147222885398.6387
"2021-04-06 13:00:05.200000-07:00",1.00171141150406,147732798377.52487
"2021-04-06 13:05:04.092000-07:00",1.00173670371688,147727310796.16956
"2021-04-06 13:10:03.915000-07:00",1.00180673980413,148499629925.026
"2021-04-06 13:15:04.264000-07:00",1.00187522802071,148395263170.9594
"2021-04-06 13:20:05.909000-07:00",1.00182099492544,148348846567.2736
"2021-04-06 13:25:03.831000-07:00",1.00186435050891,148604390427.7511
"2021-04-06 13:30:07.865000-07:00",1.00187361526951,149077965677.66177
"2021-04-06 13:35:04.293000-07:00",1.00189105776231,148806783064.1759
"2021-04-06 13:40:04.336000-07:00",1.00197921791049,148363591310.4483
"2021-04-06 13:45:04.293000-07:00",1.00190023333373,148412183819.4528
"2021-04-06 13:50:04.369000-07:00",1.00188482882432,148606054116.78723
"2021-04-06 13:55:03.586000-07:00",1.00187430597747,148499112690.23666
"2021-04-06 14:00:19.553000-07:00",1.00182042941424,148275836348.65726
"2021-04-06 14:05:04.711000-07:00",1.00180900454616,147806705787.75183
"2021-04-06 14:10:04.159000-07:00",1.00177514803382,147157862456.45612
"2021-04-06 14:15:06.491000-07:00",1.00166628737805,147147797471.53784
"2021-04-06 14:20:04.022000-07:00",1.00176207466719,147124765861.11536
"2021-04-06 14:25:03.911000-07:00",1.0016504539687,146534880009.39413
"2021-04-06 14:30:06.697000-07:00",1.00180907683508,146327082682.99918
"2021-04-06 14:35:03.813000-07:00",1.00193951877452,146074416085.02994
"2021-04-06 14:40:04.687000-07:00",1.00197914311758,146938117693.78665
"2021-04-06 14:45:03.800000-07:00",1.00190592310949,147176270960.0115
"2021-04-06 14:50:03.768000-07:00",1.00190848014749,147311713748.89447
"2021-04-06 14:55:04-07:00",1.00180437622899,147761283237.11823
"2021-04-06 15:00:15.730000-07:00",1.0018425475503,147674268561.25284
"2021-04-06 15:05:04.207000-07:00",1.00182314771427,147038174710.891
"2021-04-06 15:10:04.537000-07:00",1.00188680012885,146922985354.21942
"2021-04-06 15:15:04.295000-07:00",1.00182093463137,147074307288.25882
"2021-04-06 15:20:04.335000-07:00",1.00191314328447,147218364789.6184
"2021-04-06 15:25:03.506000-07:00",1.00196302926849,147554293813.14667
"2021-04-06 15:30:06.050000-07:00",1.0019882840948,147840251696.9384
"2021-04-06 15:35:03.564000-07:00",1.00197194140804,147776411868.50674
"2021-04-06 15:40:04.218000-07:00",1.00190823813404,148116587081.33267
"2021-04-06 15:45:05.402000-07:00",1.00197839823671,147897630715.27597
"2021-04-06 15:50:04.463000-07:00",1.00191928942585,147929318953.12427
"2021-04-06 15:55:04.196000-07:00",1.00192987835985,147865397282.34653
"2021-04-06 16:00:05.139000-07:00",1.00198866186101,147168557528.90445
"2021-04-06 16:05:03.664000-07:00",1.00185595926685,146681451262.0367
"2021-04-06 16:10:04.546000-07:00",1.00183061033068,146936648802.81613
"2021-04-06 16:15:05.238000-07:00",1.00177221309956,146700441951.0589
"2021-04-06 16:20:05.232000-07:00",1.00186352328028,146580503301.09546
"2021-04-06 16:25:04.486000-07:00",1.00183280572978,146391442567.18912
"2021-04-06 16:30:05.496000-07:00",1.00170951481863,146423832960.17618
"2021-04-06 16:35:03.502000-07:00",1.00173377241811,146466182589.5228
"2021-04-06 16:40:03.780000-07:00",1.00178387370676,146550287663.81073
"2021-04-06 16:45:03.857000-07:00",1.0017241128208,146406533261.83258
"2021-04-06 16:50:03.870000-07:00",1.00171105110843,146332903934.4625
"2021-04-06 16:55:03.783000-07:00",1.00176242230432,146469729180.50906
"2021-04-06 17:00:09.358000-07:00",1.00157077156362,146010453117.43542
"2021-04-06 17:05:04.947000-07:00",1.00162971476161,145719174329.819
"2021-04-06 17:10:04.768000-07:00",1.00157329496894,145064365132.79614
"2021-04-06 17:15:05.403000-07:00",1.00146600821469,145159259766.65317
"2021-04-06 17:20:04.383000-07:00",1.00138646038796,145364393585.7475
"2021-04-06 17:25:03.504000-07:00",1.00148229584359,145384141843.31143
"2021-04-06 17:30:06.821000-07:00",1.00138145815381,145301346841.8225
"2021-04-06 17:35:03.997000-07:00",1.00131198544059,145059004491.94046
"2021-04-06 17:40:04.254000-07:00",1.0013651592717,144943400550.53882
"2021-04-06 17:45:03.450000-07:00",1.00139283966446,144523270274.0186
"2021-04-06 17:50:04.689000-07:00",1.00137778564213,144310065093.0211
"2021-04-06 17:55:09.156000-07:00",1.00149585162933,145229441800.84537
"2021-04-06 18:00:12.381000-07:00",1.0016222282814,145271433474.68805
"2021-04-06 18:05:03.568000-07:00",1.00184597645532,144934470665.34552
"2021-04-06 18:10:03.710000-07:00",1.00177331358204,145253806644.7258
"2021-04-06 18:15:04.461000-07:00",1.00191037042346,145451098614.71625
"2021-04-06 18:20:04.143000-07:00",1.00185999218653,145741783762.21255
"2021-04-06 18:25:04.142000-07:00",1.00186176092249,145253530091.60327
"2021-04-06 18:30:05.325000-07:00",1.00194969151011,144799465491.99335
"2021-04-06 18:35:09.043000-07:00",1.00189774314117,145200139281.55615
"2021-04-06 18:40:04.402000-07:00",1.00173522371414,145310263256.07516
"2021-04-06 18:45:04.522000-07:00",1.0016479115251,145707860051.02487
"2021-04-06 18:50:04.426000-07:00",1.00163806808665,145802627804.75946
"2021-04-06 18:55:04.256000-07:00",1.00156700352184,145886855237.00256
"2021-04-06 19:00:14.338000-07:00",1.00161301838368,145937303087.91605
"2021-04-06 19:05:03.876000-07:00",1.00146370882229,145827396989.51672
"2021-04-06 19:10:04.399000-07:00",1.00160351746564,145884926148.6879
"2021-04-06 19:15:05.127000-07:00",1.00150026786346,145630879295.9501
"2021-04-06 19:20:04.183000-07:00",1.00144110429034,145670212863.61392
"2021-04-06 19:25:04.361000-07:00",1.0015048962764,145838290479.80237
"2021-04-06 19:30:09.362000-07:00",1.00145698681413,145855956096.69113
"2021-04-06 19:35:03.772000-07:00",1.00146926009938,145915615562.67075
"2021-04-06 19:40:04.451000-07:00",1.00146210930361,146020212170.33978
"2021-04-06 19:45:04.037000-07:00",1.00157525887851,146287404863.46808
"2021-04-06 19:50:04.003000-07:00",1.00143728567295,146455842348.83768
"2021-04-06 19:55:04.083000-07:00",1.00146263953676,146514156655.20547
"2021-04-06 20:00:19.030000-07:00",1.00131943994036,146646774876.48953
"2021-04-06 20:05:05.113000-07:00",1.00124520480287,146774096258.02676
"2021-04-06 20:10:04.654000-07:00",1.00130639465086,146737848395.21643
"2021-04-06 20:15:04.205000-07:00",1.00129041191281,146790799618.25116
"2021-04-06 20:20:05.222000-07:00",1.00136523956113,146980553478.1286
"2021-04-06 20:25:14.511000-07:00",1.00133363542953,147253865884.60675
"2021-04-06 20:30:06.802000-07:00",1.00116087878417,147687646849.82776
"2021-04-06 20:35:09.475000-07:00",1.00122321602906,147645165085.77075
"2021-04-06 20:40:03.742000-07:00",1.00113378659558,147757358544.53723
"2021-04-06 20:45:04.543000-07:00",1.00118307592227,147917543121.84393
"2021-04-06 20:50:04.831000-07:00",1.00124837550794,148019212942.97754
"2021-04-06 20:55:04.377000-07:00",1.00128181647596,147997982016.77368
"2021-04-06 21:00:13.630000-07:00",1.00122840509278,148121488965.42947
"2021-04-06 21:05:04.627000-07:00",1.00125383982126,148346411606.583
"2021-04-06 21:10:04.150000-07:00",1.0012753025967,147924824846.2161
"2021-04-06 21:15:04.376000-07:00",1.00117241747511,148497213800.29242
"2021-04-06 21:20:03.541000-07:00",1.00123426275369,148394042457.24835
"2021-04-06 21:25:03.503000-07:00",1.00140354650394,148633062496.05124
"2021-04-06 21:30:07.131000-07:00",1.00133931131419,149235295320.02048
"2021-04-06 21:35:04.581000-07:00",1.00143228374747,149644307220.15408
"2021-04-06 21:40:07.366000-07:00",1.0013017650607,150191569153.20697
"2021-04-06 21:45:05.667000-07:00",1.00137681943852,150880007432.45175
"2021-04-06 21:50:08.674000-07:00",1.00139539475123,150861910660.80786
"2021-04-06 21:55:03.795000-07:00",1.00143591988712,151576242139.06445
"2021-04-06 22:00:07.012000-07:00",1.00148147621771,151697680500.32016
"2021-04-06 22:05:04.369000-07:00",1.00147572359829,151983000327.40323
"2021-04-06 22:10:05.231000-07:00",1.00154602650701,152261799730.84033
"2021-04-06 22:15:04.700000-07:00",1.00159931275725,152485655386.09238
"2021-04-06 22:20:04.429000-07:00",1.00148640187847,152631685776.0681
"2021-04-06 22:25:03.374000-07:00",1.00154057011824,152544491653.97574
"2021-04-06 22:30:05.815000-07:00",1.00164649481706,152659461636.24332
"2021-04-06 22:35:03.955000-07:00",1.00163248843594,152603967741.53925
"2021-04-06 22:40:04.251000-07:00",1.00165413352525,152661202443.21582
"2021-04-06 22:45:04.314000-07:00",1.00155049997956,153401261984.03424
"2021-04-06 22:50:04.219000-07:00",1.0014434049265,153958625223.72845
"2021-04-06 22:55:04.638000-07:00",1.00142937338125,154179916590.94168
"2021-04-06 23:00:05.126000-07:00",1.00147004151654,154307844055.3227
"2021-04-06 23:05:04.072000-07:00",1.00125915762861,154369422622.67056
"2021-04-06 23:10:04.067000-07:00",1.00125427707273,154936865303.22406
"2021-04-06 23:15:18.366000-07:00",1.00117207639052,154906698886.46924
"2021-04-06 23:20:04.310000-07:00",1.00121555113973,155006321274.88785
"2021-04-06 23:25:04.249000-07:00",1.00126474263373,154750151928.74786
"2021-04-06 23:30:05.665000-07:00",1.00113913435045,154910957575.7207
"2021-04-06 23:35:04.241000-07:00",1.00102855201312,155457734976.78156
"2021-04-06 23:40:05-07:00",1.00102114287803,155703755346.94446
"2021-04-06 23:45:03.987000-07:00",1.0010402867672,155772402611.29422
"2021-04-06 23:50:03.967000-07:00",1.00106952799528,155854416524.08807
"2021-04-06 23:55:03.903000-07:00",1.0008412854829,156191930102.50253
"2021-04-07 00:00:16.003000-07:00",1.00079619699663,155261213807.73135
"2021-04-07 00:05:05.396000-07:00",1.00087655555941,154943101536.88986
"2021-04-07 00:10:05.128000-07:00",1.00112742819071,154965633546.5188
"2021-04-07 00:15:04.451000-07:00",1.00129480336363,156460836911.92355
"2021-04-07 00:20:05.547000-07:00",1.00126395851386,156949618651.96802
"2021-04-07 00:25:05.764000-07:00",1.00126408788906,157125752121.47855
"2021-04-07 00:30:07.219000-07:00",1.001148517267,158268215843.7557
"2021-04-07 00:35:05.017000-07:00",1.00112404179522,158256753665.9459
"2021-04-07 00:40:04.195000-07:00",1.00119176460608,158444310612.58502
"2021-04-07 00:45:04.745000-07:00",1.00119793040421,158871700058.9034
"2021-04-07 00:50:04.454000-07:00",1.00124697569895,159160360169.7225
"2021-04-07 00:55:04.212000-07:00",1.00119682343314,159151788157.71088
"2021-04-07 01:00:10.889000-07:00",1.00116433848085,159670541138.34515
"2021-04-07 01:05:03.625000-07:00",1.00125412117162,158980413403.86353
"2021-04-07 01:10:03.630000-07:00",1.00115051268074,159248389425.14026
"2021-04-07 01:15:03.953000-07:00",1.00114319336551,158007252307.29254
"2021-04-07 01:20:05.124000-07:00",1.00117428255848,157862618335.47885
"2021-04-07 01:25:04.296000-07:00",1.00109364552159,158411458408.48544
"2021-04-07 01:30:06.896000-07:00",1.00102948724587,157973702312.75818
"2021-04-07 01:35:03.907000-07:00",1.00099181929052,157700844369.21387
"2021-04-07 01:40:04.328000-07:00",1.00108152258696,157716613061.198
"2021-04-07 01:45:03.461000-07:00",1.0011782011958,157701940101.0617
"2021-04-07 01:50:04.487000-07:00",1.00115699078815,157615184503.8305
"2021-04-07 01:55:03.576000-07:00",1.00112510245612,157971353618.89722
"2021-04-07 02:00:04.752000-07:00",1.00117130636335,157640932596.98837
"2021-04-07 02:05:03.992000-07:00",1.00111565360042,157254552117.23492
"2021-04-07 02:10:04.092000-07:00",1.00119652939789,156607750843.7465
"2021-04-07 02:15:04.105000-07:00",1.00131829482419,156515148654.0771
"2021-04-07 02:20:06.047000-07:00",1.00168679702628,156832624016.97855
"2021-04-07 02:25:04.280000-07:00",1.00159854035363,158772268934.699
"2021-04-07 02:30:05.271000-07:00",1.00173855067246,158628410349.78363
"2021-04-07 02:35:04.157000-07:00",1.00167437237559,159374481157.33987
"2021-04-07 02:40:04.795000-07:00",1.00149854506736,160112944315.4893
"2021-04-07 02:45:04.047000-07:00",1.00138473121882,160570863826.17908
"2021-04-07 02:50:04.097000-07:00",1.00132178759105,160712987513.81598
"2021-04-07 02:55:04.401000-07:00",1.00137663738906,161257293881.38998
"2021-04-07 03:00:06.217000-07:00",1.00132459363957,161667621530.14233
"2021-04-07 03:05:04.170000-07:00",1.00127864251594,160995579472.42258
"2021-04-07 03:10:05.810000-07:00",1.00130410396143,160568023850.35776
"2021-04-07 03:15:04.176000-07:00",1.00139587873838,161278223185.00034
"2021-04-07 03:20:04.714000-07:00",1.00118716220442,161460854684.2493
"2021-04-07 03:25:03.713000-07:00",1.00123736719833,160851916777.34738
"2021-04-07 03:30:05.837000-07:00",1.00119948520713,161050122217.3871
"2021-04-07 03:35:03.720000-07:00",1.00111062392016,160729701371.35025
"2021-04-07 03:40:05.339000-07:00",1.00127973738729,160162731029.7828
"2021-04-07 03:45:04.210000-07:00",1.00127142417202,159504409735.5155
"2021-04-07 03:50:04.276000-07:00",1.0012880274985,159378975207.51157
"2021-04-07 03:55:04.652000-07:00",1.00125718327332,159162235138.13226
"2021-04-07 04:00:14.516000-07:00",1.00154481267519,158973318584.75107
"2021-04-07 04:05:03.443000-07:00",1.00149447105469,158865314279.44785
"2021-04-07 04:10:04.893000-07:00",1.00148779041593,159548752891.5553
"2021-04-07 04:15:03.948000-07:00",1.00144915141657,159175769335.09113
"2021-04-07 04:20:04.235000-07:00",1.00147940929357,159504602138.7924
"2021-04-07 04:25:04.657000-07:00",1.00151893602303,159648809535.48285
"2021-04-07 04:30:05.102000-07:00",1.001922422237,158836914883.72818
"2021-04-07 04:35:04.189000-07:00",1.00210629763627,159310419200.62265
"2021-04-07 04:40:04.145000-07:00",1.00210393708841,160290754089.07037
"2021-04-07 04:45:04.565000-07:00",1.00199044823093,161834453794.5196
"2021-04-07 04:50:04.013000-07:00",1.00199542825813,161976465687.32455
"2021-04-07 04:55:04.071000-07:00",1.00173918714069,162692990218.4496
"2021-04-07 05:00:09.420000-07:00",1.00161233720767,163381205825.09277
"2021-04-07 05:05:03.807000-07:00",1.00179963117263,162923539282.15372
"2021-04-07 05:10:04.359000-07:00",1.00190318585177,162400679654.24115
"2021-04-07 05:15:03.526000-07:00",1.00198632651786,161914840036.7013
"2021-04-07 05:20:03.669000-07:00",1.00195811377695,162430131233.70554
"2021-04-07 05:25:03.559000-07:00",1.00178096202797,163388351514.4126
"2021-04-07 05:30:05.361000-07:00",1.00160379962461,163809791424.28375
"2021-04-07 05:35:04.348000-07:00",1.00162295646276,163519674243.1693
"2021-04-07 05:40:05.417000-07:00",1.00158349205837,164120015389.3351
"2021-04-07 05:45:04.400000-07:00",1.0017127817055,165197101227.91827
"2021-04-07 05:50:04.565000-07:00",1.00197266175457,165213552544.31372
"2021-04-07 05:55:03.472000-07:00",1.00203743768899,165576530777.6852
"2021-04-07 06:00:04.779000-07:00",1.00245019732777,165970314368.94455
"2021-04-07 06:05:03.827000-07:00",1.00254968335972,165431135460.37683
"2021-04-07 06:10:03.813000-07:00",1.0022754389113,166126621515.46597
"2021-04-07 06:15:04.335000-07:00",1.00207438781749,166436377627.96558
"2021-04-07 06:20:04.204000-07:00",1.00207536075002,166526043263.76416
"2021-04-07 06:25:04.383000-07:00",1.00196189072905,166687481450.686
"2021-04-07 06:30:07.027000-07:00",1.00183747103728,166846538340.7658
"2021-04-07 06:35:03.999000-07:00",1.00173641987552,167120697555.8882
"2021-04-07 06:40:08.965000-07:00",1.00175680013859,167524767693.50058
"2021-04-07 06:45:04.143000-07:00",1.00175273158248,167678127324.41556
"2021-04-07 06:50:05.684000-07:00",1.00167507376589,167730550841.0116
"2021-04-07 06:55:04.702000-07:00",1.00165945635061,167418571916.2771
"2021-04-07 07:00:06.873000-07:00",1.00166079123489,167420635226.3071
"2021-04-07 07:05:04.275000-07:00",1.00165366641879,166285171907.44553
"2021-04-07 07:10:03.484000-07:00",1.00185760350799,165762326471.81647
"2021-04-07 07:15:04.177000-07:00",1.00183727861209,165066482886.9839
"2021-04-07 07:20:04.586000-07:00",1.00178699906139,164834100438.14008
"2021-04-07 07:25:04.425000-07:00",1.00187105355497,164435670726.25317
"2021-04-07 07:30:04.408000-07:00",1.00199878855229,163418186440.83728
"2021-04-07 07:35:04.538000-07:00",1.00171781350958,163149059379.92963
"2021-04-07 07:40:05.444000-07:00",1.00179463112759,162924262462.8552
"2021-04-07 07:45:04.683000-07:00",1.0018128442644,162337962336.7149
"2021-04-07 07:50:04.784000-07:00",1.00173163774692,161815042483.57394
"2021-04-07 07:55:04.066000-07:00",1.00157230229813,161626612373.54526
"2021-04-07 08:00:08.247000-07:00",1.00138197569317,161405063504.49088
"2021-04-07 08:05:04.290000-07:00",1.00137442603255,160803834615.30084
"2021-04-07 08:10:04.695000-07:00",1.00133841998449,160853617711.4818
"2021-04-07 08:15:04.542000-07:00",1.00121829930743,160659607997.65976
"2021-04-07 08:20:04.951000-07:00",1.00126608623248,160753373519.67804
"2021-04-07 08:25:04.174000-07:00",1.00133647689755,160422038859.2558
"2021-04-07 08:30:05.145000-07:00",1.00126425158077,160143516919.98572
"2021-04-07 08:35:04.120000-07:00",1.00137142978923,159961517442.0599
"2021-04-07 08:40:06.268000-07:00",1.0015009995814,159638369190.28235
"2021-04-07 08:45:03.975000-07:00",1.00152058906182,159511526403.2022
"2021-04-07 08:50:05.151000-07:00",1.00145539403445,159655224242.9796
"2021-04-07 08:55:04.727000-07:00",1.00145538315305,159320258126.97552
"2021-04-07 09:00:06.553000-07:00",1.00141037741558,159066127737.9931
"2021-04-07 09:05:04.721000-07:00",1.00142077126903,158482874238.28418
"2021-04-07 09:10:04.618000-07:00",1.00144549178904,159112275758.25113
"2021-04-07 09:15:04.365000-07:00",1.00153016848438,159597941758.89615
"2021-04-07 09:20:04.746000-07:00",1.00139941799125,159217815820.15152
"2021-04-07 09:25:05.634000-07:00",1.00146884905602,159338370527.79425
"2021-04-07 09:30:07.706000-07:00",1.00140265820913,159547541098.30127
"2021-04-07 09:35:03.857000-07:00",1.00146090964147,159394568236.54657
"2021-04-07 09:40:06.297000-07:00",1.00145294322247,159763150123.1273
"2021-04-07 09:45:04.428000-07:00",1.0013935987123,160322934510.3678
"2021-04-07 09:50:05.934000-07:00",1.00145647548135,160499868959.92166
"2021-04-07 09:55:03.947000-07:00",1.00144087510734,160412498258.71097
"2021-04-07 10:00:08.566000-07:00",1.00056932169676,161346648339.89
"2021-04-07 10:05:04.974000-07:00",1.00059692121655,160988203125.2756
"2021-04-07 10:10:04.994000-07:00",1.00067853946105,160884634909.05902
"2021-04-07 10:15:04.829000-07:00",1.00073355629204,160559739544.8066
"2021-04-07 10:20:05.596000-07:00",1.00082991441334,160541987401.87054
"2021-04-07 10:25:03.930000-07:00",1.00079274242516,160233837419.8531
"2021-04-07 10:30:10.502000-07:00",1.00085697873659,160426810400.06277
"2021-04-07 10:35:04.448000-07:00",1.00086821401732,160286182193.40778
"2021-04-07 10:40:05.378000-07:00",1.00087864228501,160640764629.89078
"2021-04-07 10:45:04.057000-07:00",1.00088765443046,160259138254.41544
"2021-04-07 10:50:04.042000-07:00",1.0009648576034,159991221637.16864
"2021-04-07 10:55:04.053000-07:00",1.00103141092229,160010876505.72726
"2021-04-07 11:00:17.238000-07:00",1.00099702133433,160365227436.198
"2021-04-07 11:05:03.783000-07:00",1.00087628616309,160022624917.53452
"2021-04-07 11:10:05.100000-07:00",1.00079566272118,160676290527.16766
"2021-04-07 11:15:09.302000-07:00",1.00073696440627,160923477566.02063
"2021-04-07 11:20:04.195000-07:00",1.00087722503189,160794444428.92358
"2021-04-07 11:25:04.181000-07:00",1.00087476552756,160335883006.13477
"2021-04-07 11:30:07.832000-07:00",1.00092611382809,160140655366.0415
"2021-04-07 11:35:04.418000-07:00",1.00090041435515,160168241169.33072
"2021-04-07 11:40:05.932000-07:00",1.00090615276962,160557829172.70538
"2021-04-07 11:45:03.930000-07:00",1.00101541671196,161092158071.2366
"2021-04-07 11:50:06.925000-07:00",1.00108271187142,160880243593.20078
"2021-04-07 11:55:04.165000-07:00",1.00103275306559,161194093298.31592
"2021-04-07 12:00:07.430000-07:00",1.0010301745086,160726718507.2318
"2021-04-07 12:05:04.336000-07:00",1.0011160626772,160245449244.86942
"2021-04-07 12:10:03.854000-07:00",1.00111208238385,160372040574.57013
"2021-04-07 12:15:04.703000-07:00",1.00119549899508,159967311722.88638
"2021-04-07 12:20:04.327000-07:00",1.00110157705111,159789828770.77792
"2021-04-07 12:25:04.037000-07:00",1.00094451859474,159844103363.84555
"2021-04-07 12:30:05.140000-07:00",1.00081799478473,161289441221.97916
"2021-04-07 12:35:03.722000-07:00",1.00091117089302,161297037001.02832
"2021-04-07 12:40:03.737000-07:00",1.00101784560655,161166547878.6065
"2021-04-07 12:45:04.750000-07:00",1.00089513829748,161631158420.98822
"2021-04-07 12:50:04.040000-07:00",1.00092326815184,162091609233.5186
"2021-04-07 12:55:04.051000-07:00",1.00089443326268,162513238010.64154
"2021-04-07 13:00:08.155000-07:00",1.0010209022412,162305480068.70895
"2021-04-07 13:05:04.260000-07:00",1.00106791378169,162139442853.23645
"2021-04-07 13:10:05.345000-07:00",1.00122137635607,161992512563.75192
"2021-04-07 13:15:03.447000-07:00",1.00122659666367,161751093787.25073
"2021-04-07 13:20:05.216000-07:00",1.00121039019068,161460582254.73752
"2021-04-07 13:25:04.422000-07:00",1.00121396307966,161600132450.3034
"2021-04-07 13:30:06.371000-07:00",1.00131362733937,161140586404.0201
"2021-04-07 13:35:04.291000-07:00",1.00115656633258,161419902377.368
"2021-04-07 13:40:04.268000-07:00",1.0011296754701,161870869655.03302
"2021-04-07 13:45:04.396000-07:00",1.00119838818576,161532175715.04523
"2021-04-07 13:50:04.367000-07:00",1.00118588962142,162358030039.5657
"2021-04-07 13:55:03.801000-07:00",1.00119910050992,162301896127.5725
"2021-04-07 14:00:11.661000-07:00",1.00120239634533,162769692858.01163
"2021-04-07 14:05:03.979000-07:00",1.00125415610032,162513519826.997
"2021-04-07 14:10:04.353000-07:00",1.00134855570395,162187485420.67334
"2021-04-07 14:15:04.807000-07:00",1.00121064358481,162357191865.55093
"2021-04-07 14:20:04.103000-07:00",1.001205356972,162532799093.02222
"2021-04-07 14:25:04.064000-07:00",1.00126816501785,162563389974.9744
"2021-04-07 14:30:08.436000-07:00",1.00128256603729,162538058117.08182
"2021-04-07 14:35:03.515000-07:00",1.00122565400871,162291730325.22986
"2021-04-07 14:40:04.087000-07:00",1.00124462526088,162379890850.38638
"2021-04-07 14:45:04.175000-07:00",1.00128070575762,162446904828.19208
"2021-04-07 14:50:04.144000-07:00",1.00122735255753,162582872745.36365
"2021-04-07 14:55:10.452000-07:00",1.00133004145922,162602155647.18637
"2021-04-07 15:00:06.944000-07:00",1.00133345311639,161474094075.23715
"2021-04-07 15:05:04.272000-07:00",1.00132107246505,160784923984.63794
"2021-04-07 15:10:04.367000-07:00",1.00144675712012,161062545060.95453
"2021-04-07 15:15:04.221000-07:00",1.00123478327882,160991011571.18225
"2021-04-07 15:20:05.611000-07:00",1.00134585850668,161078926463.9601
"2021-04-07 15:25:03.834000-07:00",1.00135535929683,161070660834.97104
"2021-04-07 15:30:07.837000-07:00",1.0014977448239,160837238703.03552
"2021-04-07 15:35:03.773000-07:00",1.00145041942413,160873387326.5313
"2021-04-07 15:40:04.196000-07:00",1.00151331914455,161004931012.29697
"2021-04-07 15:45:04.250000-07:00",1.00141383029868,161056307275.88434
"2021-04-07 15:50:04.076000-07:00",1.00139939660604,161059620081.4463
"2021-04-07 15:55:04.166000-07:00",1.00143753867648,160930088194.67184
"2021-04-07 16:00:18.651000-07:00",1.00153038890565,161000416156.69754
"2021-04-07 16:05:03.761000-07:00",1.00152613829682,160601268930.05096
"2021-04-07 16:10:04.622000-07:00",1.00156867243987,160545944134.35236
"2021-04-07 16:15:06.359000-07:00",1.00158875361158,160636801847.8306
"2021-04-07 16:20:04.665000-07:00",1.00171388863299,160661498035.1123
"2021-04-07 16:25:03.961000-07:00",1.00172569790561,160667686946.8714
"2021-04-07 16:30:07.698000-07:00",1.00180570715133,161718086823.55045
"2021-04-07 16:35:04.025000-07:00",1.00182800649858,161571694146.51648
"2021-04-07 16:40:05.082000-07:00",1.00183009003279,161569298142.65265
"2021-04-07 16:45:04.251000-07:00",1.00175433470683,161648669525.4659
"2021-04-07 16:50:04.634000-07:00",1.00177319041449,161544310912.11234
"2021-04-07 16:55:04.116000-07:00",1.00176070968395,161200838259.80344
"2021-04-07 17:00:06.212000-07:00",1.00183740621922,161086402829.23752
"2021-04-07 17:05:04.304000-07:00",1.00185156432774,160252995872.04666
"2021-04-07 17:10:04.324000-07:00",1.00186321544857,159964379343.62634
"2021-04-07 17:15:03.512000-07:00",1.00173058333142,160616671848.32132
"2021-04-07 17:20:03.997000-07:00",1.00162124208045,161080603361.62714
"2021-04-07 17:25:05.244000-07:00",1.00156356428495,160963020862.97238
"2021-04-07 17:30:04.208000-07:00",1.00156215788499,160817014962.1845
"2021-04-07 17:35:05.139000-07:00",1.00160190591134,160968193761.35437
"2021-04-07 17:40:06.683000-07:00",1.00135244549906,161088373862.26337
"2021-04-07 17:45:04.197000-07:00",1.00136917761561,161582820461.64645
"2021-04-07 17:50:04.678000-07:00",1.00134060295752,161569549139.10434
"2021-04-07 17:55:04.842000-07:00",1.00119547883052,161241904467.7791
"2021-04-07 18:00:09.344000-07:00",1.00122674627602,161057715577.27673
"2021-04-07 18:05:04.454000-07:00",1.00122093449154,160266523609.204
"2021-04-07 18:10:09.644000-07:00",1.00131305407926,159590210020.08643
"2021-04-07 18:15:04.105000-07:00",1.00129044931323,159541809761.75455
"2021-04-07 18:20:05.872000-07:00",1.00124854759733,159684546093.78616
"2021-04-07 18:25:05.551000-07:00",1.00110608435385,159772054472.06628
"2021-04-07 18:30:06.773000-07:00",1.00103778056571,159506143763.38696
"2021-04-07 18:35:04.419000-07:00",1.00115051018963,159321592753.84732
"2021-04-07 18:40:04.899000-07:00",1.00116872695885,159370393578.36487
"2021-04-07 18:45:08.942000-07:00",1.00121270579116,159178721874.34418
"2021-04-07 18:50:03.904000-07:00",1.00124145207294,159325468078.10995
"2021-04-07 18:55:04.272000-07:00",1.00125208634885,159251318473.95834
"2021-04-07 19:00:11.165000-07:00",1.00124330570812,159301467642.12622
"2021-04-07 19:05:04.505000-07:00",1.00117401089043,158826633971.4375
"2021-04-07 19:10:09.526000-07:00",1.00123954142188,158528850375.6195
"2021-04-07 19:15:04.484000-07:00",1.0012161346253,158529632521.74313
"2021-04-07 19:20:04.557000-07:00",1.00118963637974,158591922127.0597
"2021-04-07 19:25:03.721000-07:00",1.00117515552127,158532801584.04288
"2021-04-07 19:30:05.794000-07:00",1.00123266648033,158171905820.72452
"2021-04-07 19:35:09.326000-07:00",1.00115876634389,158272001095.46088
"2021-04-07 19:40:05.009000-07:00",1.00118934161251,158244476038.40106
"2021-04-07 19:45:04.216000-07:00",1.00127761462374,158135000345.89868
"2021-04-07 19:50:09.478000-07:00",1.00133977361867,158102649955.31543
"2021-04-07 19:55:03.383000-07:00",1.00139165251214,158154900703.69504
"2021-04-07 20:00:12.610000-07:00",1.00161258551589,158237967116.8484
"2021-04-07 20:05:04.375000-07:00",1.00158539543372,157961471095.08615
"2021-04-07 20:10:03.831000-07:00",1.00172172299556,157452015254.71426
"2021-04-07 20:15:05.183000-07:00",1.00174209655574,157355527736.52924
"2021-04-07 20:20:03.830000-07:00",1.00163235722486,157701601748.74326
"2021-04-07 20:25:04.042000-07:00",1.00168650317034,157522346493.62323
"2021-04-07 20:30:08.367000-07:00",1.00160396284239,157630915012.70312
"2021-04-07 20:35:03.282000-07:00",1.001477584489,157660759553.19995
"2021-04-07 20:40:04.999000-07:00",1.00142467072194,157663569406.87573
"2021-04-07 20:45:03.963000-07:00",1.00137249425,157690046074.30643
"2021-04-07 20:50:03.925000-07:00",1.00139369874423,157492875949.8255
"2021-04-07 20:55:03.777000-07:00",1.00126794871471,157312146000.57877
"2021-04-07 21:00:17.799000-07:00",1.00120262308612,157083182088.43085
"2021-04-07 21:05:05.148000-07:00",1.00126483117924,156617748375.42188
"2021-04-07 21:10:04.626000-07:00",1.00126709512112,156130973465.5184
"2021-04-07 21:15:04.213000-07:00",1.00120026889586,155760394203.6676
"2021-04-07 21:20:04.972000-07:00",1.00127282320541,155554982436.59244
"2021-04-07 21:25:09.088000-07:00",1.00130177063029,155144380878.22742
"2021-04-07 21:30:06.077000-07:00",1.00124092037128,154983925011.65115
"2021-04-07 21:35:04.087000-07:00",1.0011619347895,154876478335.1426
"2021-04-07 21:40:03.989000-07:00",1.00117004056817,154827370447.1823
"2021-04-07 21:45:03.707000-07:00",1.00101554485802,154972687671.41666
"2021-04-07 21:50:03.932000-07:00",1.0009955756576,154921597934.75555
"2021-04-07 21:55:04.467000-07:00",1.00094999865045,154836156030.75644
"2021-04-07 22:00:05.369000-07:00",1.00101241895636,154926259608.21558
"2021-04-07 22:05:04.608000-07:00",1.00106623497829,154700338893.5185
"2021-04-07 22:10:03.714000-07:00",1.00121920944729,154494589971.1078
"2021-04-07 22:15:04.965000-07:00",1.00122421963415,154410762883.02258
"2021-04-07 22:20:06.185000-07:00",1.0013321797821,154373668366.4063
"2021-04-07 22:25:04.327000-07:00",1.00144995900218,154296792682.7662
"2021-04-07 22:30:11.693000-07:00",1.00154240146616,154056070268.299
"2021-04-07 22:35:09.930000-07:00",1.00157113923793,154141425282.40607
"2021-04-07 22:40:05.417000-07:00",1.00149057164154,153886469878.79242
"2021-04-07 22:45:04.532000-07:00",1.00153134955356,153654070634.37396
"2021-04-07 22:50:03.447000-07:00",1.00156458931698,153492463330.59213
"2021-04-07 22:55:04.739000-07:00",1.00156684703244,153293378787.04672
"2021-04-07 23:00:22.129000-07:00",1.00156636469275,152675182108.01752
"2021-04-07 23:05:03.981000-07:00",1.00140049167629,152242238275.17715
"2021-04-07 23:10:04.481000-07:00",1.00131794801197,152016797363.28275
"2021-04-07 23:15:13.306000-07:00",1.00127720233811,152136329495.69226
"2021-04-07 23:20:07.388000-07:00",1.00129749697256,152018285517.87213
"2021-04-07 23:25:04.615000-07:00",1.00106968466522,151761989371.18155
"2021-04-07 23:30:08.411000-07:00",1.00119743229622,151276147385.70227
"2021-04-07 23:35:04.355000-07:00",1.00109541194344,151227499402.37045
"2021-04-07 23:40:04.599000-07:00",1.00112261943121,151191574435.95782
"2021-04-07 23:45:03.792000-07:00",1.00106312123202,151201618752.0322
"2021-04-07 23:50:03.883000-07:00",1.00113800057306,151071353219.47424
"2021-04-07 23:55:03.910000-07:00",1.00101095287256,150966834376.59647
"2021-04-08 00:00:10.749000-07:00",1.00113001737472,151049624395.3048
"2021-04-08 00:05:04.091000-07:00",1.0011137883045,150441437429.24994
"2021-04-08 00:10:04.176000-07:00",1.00114308850866,149983292710.1206
"2021-04-08 00:15:04.340000-07:00",1.0011989327941,149144502572.94806
"2021-04-08 00:20:04.350000-07:00",1.001084505103,149032579417.7708
"2021-04-08 00:25:04.587000-07:00",1.00119631402045,148792179891.5308
"2021-04-08 00:30:07.944000-07:00",1.00146392952527,146772726287.41415
"2021-04-08 00:35:04.315000-07:00",1.00137654276962,146712805132.59497
"2021-04-08 00:40:05.350000-07:00",1.00136340356661,146396464812.3692
"2021-04-08 00:45:04.232000-07:00",1.00136463779156,146541604043.61728
"2021-04-08 00:50:04.294000-07:00",1.00135765797684,146363210175.75638
"2021-04-08 00:55:04.368000-07:00",1.00140954022592,146255423346.6598
"2021-04-08 01:00:07.696000-07:00",1.00150298849562,145920580890.50632
"2021-04-08 01:05:05.330000-07:00",1.00156338671108,145451174168.8425
"2021-04-08 01:10:04.795000-07:00",1.00141235618091,145298636900.5938
"2021-04-08 01:15:04.211000-07:00",1.00139009239353,144937763536.8169
"2021-04-08 01:20:04.386000-07:00",1.00121278029612,144614846474.08765
"2021-04-08 01:25:03.596000-07:00",1.00115589092692,144342438850.26733
"2021-04-08 01:30:05.136000-07:00",1.0011037288054,144036166058.25394
"2021-04-08 01:35:04.184000-07:00",1.00122433835073,143635104276.60693
"2021-04-08 01:40:06.090000-07:00",1.00113806361304,143106793127.29245
"2021-04-08 01:45:04.859000-07:00",1.00117630226869,142591412048.5343
"2021-04-08 01:50:04.591000-07:00",1.00104918309461,142693083555.67087
"2021-04-08 01:55:04.494000-07:00",1.00097377170786,142987656501.31104
"2021-04-08 02:00:09.745000-07:00",1.00102199041216,142725682744.28754
"2021-04-08 02:05:05.222000-07:00",1.00104347960258,142146859332.86182
"2021-04-08 02:10:08.179000-07:00",1.00098859963666,142137481454.19962
"2021-04-08 02:15:06.507000-07:00",1.00098475144289,140979000866.80313
"2021-04-08 02:20:05.887000-07:00",1.00097179765876,140125168934.51028
"2021-04-08 02:25:04.190000-07:00",1.00092164868579,139234802232.66595
"2021-04-08 02:30:06.518000-07:00",1.00086832802226,138585717938.65936
"2021-04-08 02:35:03.477000-07:00",1.00088499049195,138009475123.71997
"2021-04-08 02:40:06.370000-07:00",1.00090045945442,137488296527.58517
"2021-04-08 02:45:05.190000-07:00",1.00077720486592,137315874274.8274
"2021-04-08 02:50:09.058000-07:00",1.00069225595981,137080449967.08926
"2021-04-08 02:55:04.050000-07:00",1.00065175337128,136729696788.5515
"2021-04-08 03:00:07.623000-07:00",1.00059954014338,136585672962.90529
"2021-04-08 03:05:04.773000-07:00",1.00054525555583,136052674298.39006
"2021-04-08 03:10:04.433000-07:00",1.00063785494238,135479207383.72902
"2021-04-08 03:15:04.121000-07:00",1.00064474221075,135200714463.31845
"2021-04-08 03:20:04.784000-07:00",1.00066649101416,134787308252.66138
"2021-04-08 03:25:04.233000-07:00",1.00064270219017,134892918061.43791
"2021-04-08 03:30:05.999000-07:00",1.0007746018146,134920989316.37892
"2021-04-08 03:35:03.925000-07:00",1.00075483597995,134782167714.12985
"2021-04-08 03:40:05.430000-07:00",1.00071062561864,134757959721.10823
"2021-04-08 03:45:05.222000-07:00",1.00077520236267,134615280787.80147
"2021-04-08 03:50:04.562000-07:00",1.00076878514585,134342235311.75099
"2021-04-08 03:55:03.792000-07:00",1.00080448250195,134160600572.37405
"2021-04-08 04:00:06.390000-07:00",1.00074445786572,133170550088.27173
"2021-04-08 04:05:04.310000-07:00",1.00075022774389,131898060531.59525
"2021-04-08 04:10:04.761000-07:00",1.00080508639115,130866205853.28534
"2021-04-08 04:15:03.872000-07:00",1.00082964656761,130511448608.3633
"2021-04-08 04:20:04.129000-07:00",1.00083926983472,130282852889.1309
"2021-04-08 04:25:04-07:00",1.00092637295566,129964018121.62292
"2021-04-08 04:30:06.327000-07:00",1.00107526869152,129294224496.80557
"2021-04-08 04:35:04.173000-07:00",1.00099712678878,127922048148.29309
"2021-04-08 04:40:08.398000-07:00",1.00102316712401,126090369631.81859
"2021-04-08 04:45:03.852000-07:00",1.00111376737529,125617389909.48665
"2021-04-08 04:50:03.886000-07:00",1.0011048234081,125164996788.87793
"2021-04-08 04:55:05.303000-07:00",1.00122114968384,124370776210.9999
"2021-04-08 05:00:13.202000-07:00",1.00129191953818,123894549968.64613
"2021-04-08 05:05:03.745000-07:00",1.00124827023729,123096810665.24844
"2021-04-08 05:10:03.904000-07:00",1.00109487459889,122802673191.67378
"2021-04-08 05:15:03.914000-07:00",1.00100445918001,122295793125.41699
"2021-04-08 05:20:04.376000-07:00",1.00104131858489,121593601292.54277
"2021-04-08 05:25:04.351000-07:00",1.00118798057963,121091708527.5409
"2021-04-08 05:30:05.167000-07:00",1.00138647995086,120888774714.61288
"2021-04-08 05:35:04.028000-07:00",1.00162351726525,120998111227.93437
"2021-04-08 05:40:04.540000-07:00",1.00146037527224,120966935826.18994
"2021-04-08 05:45:03.859000-07:00",1.00136005571128,120837294424.24472
"2021-04-08 05:50:04.926000-07:00",1.00131376504232,120652018399.28755
"2021-04-08 05:55:04.117000-07:00",1.00114284421062,120882673850.92485
"2021-04-08 06:00:10.030000-07:00",1.0009610314077,120884706672.91995
"2021-04-08 06:05:04.164000-07:00",1.00079592726488,120280368653.28047
"2021-04-08 06:10:05.532000-07:00",1.00068941425331,119693160981.56168
"2021-04-08 06:15:03.952000-07:00",1.00073810587944,119302422019.65224
"2021-04-08 06:20:04.345000-07:00",1.0009939394946,119209834294.64435
"2021-04-08 06:25:04.478000-07:00",1.00084343111419,119053570597.23872
"2021-04-08 06:30:06.380000-07:00",1.00100277847467,118670592397.63493
"2021-04-08 06:35:03.462000-07:00",1.00068540401455,118476864166.54535
"2021-04-08 06:40:04.141000-07:00",1.00075194866289,118572593046.95972
"2021-04-08 06:45:04.314000-07:00",1.0007457664323,118213489210.59106
"2021-04-08 06:50:04.619000-07:00",1.00071225741203,118024854776.52489
"2021-04-08 06:55:03.571000-07:00",1.00064825843413,117628980590.80092
"2021-04-08 07:00:03.720000-07:00",1.00076881081346,117529574301.98975
"2021-04-08 07:05:03.973000-07:00",1.00064143822653,116740071746.02887
"2021-04-08 07:10:04.477000-07:00",1.00072385157391,116525893039.5179
"2021-04-08 07:15:03.651000-07:00",1.00077525494069,116462619781.73363
"2021-04-08 07:20:04.197000-07:00",1.00093705381996,116327029777.76439
"2021-04-08 07:25:04.406000-07:00",1.00081264218143,116401788843.63367
"2021-04-08 07:30:05.522000-07:00",1.00094072773697,116455439184.8641
"2021-04-08 07:35:03.938000-07:00",1.00057816372309,116462114095.58954
"2021-04-08 07:40:05.317000-07:00",1.00055782397236,116435546011.90842
"2021-04-08 07:45:04.474000-07:00",1.00052032171177,116289158489.94063
"2021-04-08 07:50:05.033000-07:00",1.0005344238556,116167131068.4402
"2021-04-08 07:55:04.100000-07:00",1.0004635482654,115923583149.02466
"2021-04-08 08:00:05.902000-07:00",1.00037942855153,115768151548.54552
"2021-04-08 08:05:09.661000-07:00",1.00057802591908,115282950905.41093
"2021-04-08 08:10:04.425000-07:00",1.00066838898048,115141057707.74567
"2021-04-08 08:15:04.665000-07:00",1.00073151379604,115105698410.49278
"2021-04-08 08:20:04.670000-07:00",1.00083435858835,115091251776.93951
"2021-04-08 08:25:10.062000-07:00",1.00072547762154,115121038826.57173
"2021-04-08 08:30:04.993000-07:00",1.00061673885239,115027448127.8992
"2021-04-08 08:35:04.391000-07:00",1.00062115827663,114911407866.10335
"2021-04-08 08:40:05.069000-07:00",1.00058741426166,114807069663.82523
"2021-04-08 08:45:04.257000-07:00",1.00086330639034,114506808407.03792
"2021-04-08 08:50:04.980000-07:00",1.00073618162602,114374653084.87643
"2021-04-08 08:55:04.761000-07:00",1.00083256946501,114197372996.5
"2021-04-08 09:00:08.960000-07:00",1.00082413052581,114224085970.22775
"2021-04-08 09:05:04.636000-07:00",1.00080671924834,113511072602.29747
"2021-04-08 09:10:04.735000-07:00",1.00070671883966,113368915305.68964
"2021-04-08 09:15:04.487000-07:00",1.0008022776484,113136027503.96579
"2021-04-08 09:20:04.724000-07:00",1.00090149778586,112984516522.39037
"2021-04-08 09:25:04.092000-07:00",1.00090298252743,112649892606.76176
"2021-04-08 09:30:07.342000-07:00",1.00090777416535,112489822007.07658
"2021-04-08 09:35:04.271000-07:00",1.00097518342577,112424096588.04605
"2021-04-08 09:40:08.082000-07:00",1.00099254186056,112360583848.60344
"2021-04-08 09:45:05.583000-07:00",1.00100768441381,112246807132.13844
"2021-04-08 09:50:07.048000-07:00",1.00106664852968,112027441501.06482
"2021-04-08 09:55:06.489000-07:00",1.00106312734981,111829712978.64491
"2021-04-08 10:00:09.825000-07:00",1.00044244291359,111123744937.01813
"2021-04-08 10:05:03.954000-07:00",1.00084868205118,110363809637.3486
"2021-04-08 10:10:05.626000-07:00",1.00096882174188,110036676472.26895
"2021-04-08 10:15:04.733000-07:00",1.00101852408478,109836620445.25331
"2021-04-08 10:20:04.557000-07:00",1.00098235920737,109675634369.78136
"2021-04-08 10:25:03.790000-07:00",1.00101651815652,109525127351.4171
"2021-04-08 10:30:04.735000-07:00",1.00100985384599,109292245416.83673
"2021-04-08 10:35:04.240000-07:00",1.00077753955846,108643609555.40918
"2021-04-08 10:40:05.862000-07:00",1.00110697790678,108544584832.59276
"2021-04-08 10:45:05.132000-07:00",1.00120006779676,108464823416.21252
"2021-04-08 10:50:04.354000-07:00",1.00122255696032,108232566627.8234
"2021-04-08 10:55:05.369000-07:00",1.00112059556536,108039715784.40874
"2021-04-08 11:00:22.370000-07:00",1.00113389472191,107914110181.87846
"2021-04-08 11:05:03.966000-07:00",1.0010722982781,107436574889.75404
"2021-04-08 11:10:04.101000-07:00",1.001091886774,106989570820.70152
"2021-04-08 11:15:09.397000-07:00",1.00114427155566,106808686763.24397
"2021-04-08 11:20:06.449000-07:00",1.00118369722577,106740525059.64165
"2021-04-08 11:25:04.448000-07:00",1.00118951663734,106687926343.29094
"2021-04-08 11:30:12.180000-07:00",1.00116898276468,106445853987.2202
"2021-04-08 11:35:03.732000-07:00",1.00122352089107,106307185853.91255
"2021-04-08 11:40:06.097000-07:00",1.0012190860418,106354249811.12166
"2021-04-08 11:45:03.753000-07:00",1.00122615893947,106288661869.62802
"2021-04-08 11:50:06.954000-07:00",1.00127129456112,106182807228.16621
"2021-04-08 11:55:04.632000-07:00",1.0012331746278,105987374508.09392
"2021-04-08 12:00:06.060000-07:00",1.00136096455982,105829695792.47304
"2021-04-08 12:05:05.555000-07:00",1.0014132046505,105272341401.8242
"2021-04-08 12:10:03.800000-07:00",1.00137918693114,104936459012.78699
"2021-04-08 12:15:04.289000-07:00",1.00139632144536,104575320206.91603
"2021-04-08 12:20:05.085000-07:00",1.00135889058042,104375391086.87933
"2021-04-08 12:25:04.127000-07:00",1.00074017946774,103991099209.7522
"2021-04-08 12:30:05.885000-07:00",1.00061010299682,103658396107.74026
"2021-04-08 12:35:04.400000-07:00",1.00052190093125,102638955284.19283
"2021-04-08 12:40:03.677000-07:00",1.0005568290504,102419086829.89275
"2021-04-08 12:45:03.709000-07:00",1.00050875886144,102238864830.0093
"2021-04-08 12:50:04.611000-07:00",1.00116427952098,101591698136.0486
"2021-04-08 12:55:04.392000-07:00",1.00129379388005,101530197946.03967
"2021-04-08 13:00:16.079000-07:00",1.00140244723724,101548003053.4273
"2021-04-08 13:05:05.320000-07:00",1.00140266336545,101169427784.18034
"2021-04-08 13:10:03.813000-07:00",1.0012739268584,101054094122.03543
"2021-04-08 13:15:03.799000-07:00",1.00121699783135,101116080268.47816
"2021-04-08 13:20:04.431000-07:00",1.00116214997926,100591217001.43382
"2021-04-08 13:25:03.921000-07:00",1.00120424967422,100532338335.57166
"2021-04-08 13:30:04.838000-07:00",1.00116845628063,100452559038.27322
"2021-04-08 13:35:03.795000-07:00",1.00118317437146,100420872734.41797
"2021-04-08 13:40:04.906000-07:00",1.00117604716775,100289659832.14334
"2021-04-08 13:45:03.925000-07:00",1.0011777835367,100277300380.32799
"2021-04-08 13:50:05.696000-07:00",1.00056543415075,100556145765.9671
"2021-04-08 13:55:04.124000-07:00",1.00067395029937,100465384013.84406
"2021-04-08 14:00:05.919000-07:00",1.00110777808708,100385540037.68874
"2021-04-08 14:05:04.668000-07:00",1.00121096871543,100076518797.77313
"2021-04-08 14:10:04.540000-07:00",1.00131942439204,99878057741.75514
"2021-04-08 14:15:03.694000-07:00",1.00135607083348,99912210275.68295
"2021-04-08 14:20:04.525000-07:00",1.00141825347408,99976393963.58763
"2021-04-08 14:25:03.524000-07:00",1.00142409662366,99974140065.84898
"2021-04-08 14:30:03.993000-07:00",1.00143952214435,99919926086.84897
"2021-04-08 14:35:03.924000-07:00",1.00142011331583,99846874789.75555
"2021-04-08 14:40:03.988000-07:00",1.001404641463,99933961815.31754
"2021-04-08 14:45:03.919000-07:00",1.0013512255342,99842720254.17036
"2021-04-08 14:50:03.804000-07:00",1.00133598128057,99771038929.92636
"2021-04-08 14:55:03.738000-07:00",1.00033709668883,99659801634.98195
"2021-04-08 15:00:10.370000-07:00",1.00027657945879,99697564805.79337
"2021-04-08 15:05:04.309000-07:00",1.00019434432967,99502095665.22897
"2021-04-08 15:10:04.465000-07:00",1.00017014433123,99469518127.88887
"2021-04-08 15:15:04.675000-07:00",1.00067740123904,99737412875.06369
"2021-04-08 15:20:04.285000-07:00",1.00105341017371,99781005704.87808
"2021-04-08 15:25:04.540000-07:00",1.00121585127987,100027858444.98051
"2021-04-08 15:30:04.136000-07:00",1.00113294745631,100172266981.39449
"2021-04-08 15:35:04.193000-07:00",1.00101898740334,100280477107.61642
"2021-04-08 15:40:05.425000-07:00",1.00101740829167,100454263835.13588
"2021-04-08 15:45:03.687000-07:00",1.00106886592399,100627632966.0665
"2021-04-08 15:50:03.908000-07:00",1.00106514331264,100634624147.91023
"2021-04-08 15:55:03.897000-07:00",1.00104043638704,100589420700.4927
"2021-04-08 16:00:10.130000-07:00",1.00105950566293,100659604982.21924
"2021-04-08 16:05:04.187000-07:00",1.00122103681726,100371775429.09554
"2021-04-08 16:10:04.115000-07:00",1.00119167049761,100484059268.29846
"2021-04-08 16:15:04.362000-07:00",1.00127865983705,100562125133.92516
"2021-04-08 16:20:03.641000-07:00",1.00135904226383,100574865191.12521
"2021-04-08 16:25:03.739000-07:00",1.00109655231768,100575757341.90599
"2021-04-08 16:30:05.132000-07:00",1.00107028060832,100517542945.85301
"2021-04-08 16:35:04.268000-07:00",1.00098453691601,100449224534.13116
"2021-04-08 16:40:04.241000-07:00",1.00099507840809,100445971419.86452
"2021-04-08 16:45:04.134000-07:00",1.00024240542287,100448531946.7111
"2021-04-08 16:50:04.313000-07:00",1.00026843235027,100446988746.13437
"2021-04-08 16:55:03.453000-07:00",1.00014444251189,100402931109.02504
"2021-04-08 17:00:11.686000-07:00",1.00018274177895,100315362521.9751
"2021-04-08 17:05:04.064000-07:00",1.00072855281084,99447057299.29842
"2021-04-08 17:10:04.798000-07:00",1.00099706183528,99309469889.69702
"2021-04-08 17:15:03.790000-07:00",1.00117757513839,99080348915.52444
"2021-04-08 17:20:04.119000-07:00",1.00132530708021,99022500124.49521
"2021-04-08 17:25:04.258000-07:00",1.00150645120687,98788949099.0403
"2021-04-08 17:30:06.895000-07:00",1.00143836919807,98686508094.18117
"2021-04-08 17:35:04.253000-07:00",1.00145146961674,98592914896.87476
"2021-04-08 17:40:04.377000-07:00",1.00143261731088,98563774350.62772
"2021-04-08 17:45:04.250000-07:00",1.00136664623965,98501275084.93942
"2021-04-08 17:50:04.187000-07:00",1.00133886041481,98427712075.00452
"2021-04-08 17:55:04.204000-07:00",1.00120772460787,98360108705.42595
"2021-04-08 18:00:07.140000-07:00",1.00114415427132,98306441110.86736
"2021-04-08 18:05:04.091000-07:00",1.00132323060001,97615001594.67204
"2021-04-08 18:10:04.304000-07:00",1.00134036825086,97875103689.19164
"2021-04-08 18:15:04.802000-07:00",1.00123359297852,97676990187.492
"2021-04-08 18:20:04.300000-07:00",1.00129985006995,97581782913.0185
"2021-04-08 18:25:04.669000-07:00",1.00131140641003,97495244260.99666
"2021-04-08 18:30:05.204000-07:00",1.00123675695548,97367077822.38739
"2021-04-08 18:35:04.649000-07:00",1.00121701356989,97293678861.27464
"2021-04-08 18:40:04.163000-07:00",1.00118148241739,97251972214.7985
"2021-04-08 18:45:04.619000-07:00",1.00102968618459,97284035019.49937
"2021-04-08 18:50:03.994000-07:00",1.00109707521769,97232584206.22253
"2021-04-08 18:55:04.586000-07:00",1.0012644909371,97225495512.51292
"2021-04-08 19:00:12.445000-07:00",1.00129613875818,97207232135.77286
"2021-04-08 19:05:04.713000-07:00",1.00132720866628,96923479687.06276
"2021-04-08 19:10:04.728000-07:00",1.00129501248487,96865554151.25786
"2021-04-08 19:15:05.314000-07:00",1.00122193335042,96784724400.91821
"2021-04-08 19:20:04.089000-07:00",1.00103692959866,96644899311.8662
"2021-04-08 19:25:04.257000-07:00",1.00123056837459,96750974465.29852
"2021-04-08 19:30:06.812000-07:00",1.00117832333897,96740764285.7023
"2021-04-08 19:35:04.203000-07:00",1.00108930495272,96664521235.33823
"2021-04-08 19:40:05.738000-07:00",1.00115550476753,96565230033.18956
"2021-04-08 19:45:05.018000-07:00",1.00121757258425,96645686434.37454
"2021-04-08 19:50:04.587000-07:00",1.00060444682422,96665596004.08948
"2021-04-08 19:55:03.688000-07:00",1.00058486039517,96452701556.15204
"2021-04-08 20:00:13.252000-07:00",1.00096462271136,96346078418.26851
"2021-04-08 20:05:04.608000-07:00",1.00106354271842,96050116847.20488
"2021-04-08 20:10:04.067000-07:00",1.00105183464947,96043585773.64328
"2021-04-08 20:15:04.233000-07:00",1.0010543059898,96090084526.66133
"2021-04-08 20:20:04.686000-07:00",1.00103388991616,95954829383.3253
"2021-04-08 20:25:03.942000-07:00",1.00111726795717,95874377230.0068
"2021-04-08 20:30:04.581000-07:00",1.00114793922641,95831332520.17082
"2021-04-08 20:35:04.085000-07:00",1.00118796211541,95818621148.60835
"2021-04-08 20:40:05.261000-07:00",1.00122052963462,95712971334.76624
"2021-04-08 20:45:04.505000-07:00",1.00123966643122,95843394620.24452
"2021-04-08 20:50:04.410000-07:00",1.00124113338409,95748893341.73889
"2021-04-08 20:55:05.677000-07:00",1.00123255880919,95655965501.06526
"2021-04-08 21:00:08.786000-07:00",1.00127310982285,95666966493.37877
"2021-04-08 21:05:04.059000-07:00",1.00123563257003,95363627662.90906
"2021-04-08 21:10:07.059000-07:00",1.00118165696448,95284072699.89873
"2021-04-08 21:15:03.855000-07:00",1.00119410678619,95324771718.177
"2021-04-08 21:20:06.203000-07:00",1.00105712146539,95287349170.31808
"2021-04-08 21:25:04.095000-07:00",1.00107583263342,95415229098.32129
"2021-04-08 21:30:05.846000-07:00",1.00105735483859,95311813191.0816
"2021-04-08 21:35:04.354000-07:00",1.00108435688361,95198784502.80403
"2021-04-08 21:40:04.024000-07:00",1.00108786193391,95145581465.06487
"2021-04-08 21:45:04.575000-07:00",1.00112324469898,94950225027.61176
"2021-04-08 21:50:03.896000-07:00",1.00111621852635,94870921782.54086
"2021-04-08 21:55:04.121000-07:00",1.00111441659439,94782153163.2939
"2021-04-08 22:00:07.516000-07:00",1.00114374854396,94702443615.74185
"2021-04-08 22:05:04.996000-07:00",1.00049071560796,94427463531.4341
"2021-04-08 22:10:05.081000-07:00",1.00041438687561,94225342311.96143
"2021-04-08 22:15:05.058000-07:00",1.00039514364996,94162351761.15176
"2021-04-08 22:20:05.431000-07:00",1.00073981422448,93975206739.22516
"2021-04-08 22:25:03.542000-07:00",1.00097427958281,93989717137.18216
"2021-04-08 22:30:09.030000-07:00",1.00106926933433,93952025269.88414
"2021-04-08 22:35:04.264000-07:00",1.00107052964035,93908546153.04417
"2021-04-08 22:40:05.403000-07:00",1.00106200645969,93866734194.20569
"2021-04-08 22:45:03.557000-07:00",1.00101711044326,93782386593.83759
"2021-04-08 22:50:04.444000-07:00",1.00097962440877,93808424093.0292
"2021-04-08 22:55:03.624000-07:00",1.00090547987304,93773883214.79185
"2021-04-08 23:00:05.391000-07:00",1.00053739552102,93709059498.72142
"2021-04-08 23:05:03.684000-07:00",1.00047160435253,93375829264.00345
"2021-04-08 23:10:08.698000-07:00",1.00054655733632,93371111667.53868
"2021-04-08 23:15:04.409000-07:00",1.00052078121262,93390774498.35779
"2021-04-08 23:20:05.107000-07:00",1.00114475315418,93040358592.62523
"2021-04-08 23:25:04.624000-07:00",1.00127487271036,92970990878.80704
"2021-04-08 23:30:08.711000-07:00",1.00153225123284,92938249065.38046
"2021-04-08 23:35:05.052000-07:00",1.00153704542061,92841925848.69455
"2021-04-08 23:40:06.607000-07:00",1.00157922284006,92898199376.6647
"2021-04-08 23:45:03.635000-07:00",1.00149316982108,93041926773.915
"2021-04-08 23:50:03.965000-07:00",1.00168130602506,93059203337.55688
"2021-04-08 23:55:04.088000-07:00",1.0014614215314,92994210645.98378
"2021-04-09 00:00:08.647000-07:00",1.00132775818664,92717007085.78464
"2021-04-09 00:05:03.687000-07:00",1.00114625705352,92297026039.32295
"2021-04-09 00:10:03.866000-07:00",1.00103164503547,92034210931.15198
"2021-04-09 00:15:04.056000-07:00",1.00100539241199,92108011883.29161
"2021-04-09 00:20:04.550000-07:00",1.00128606474507,92108339136.3851
"2021-04-09 00:25:03.591000-07:00",1.00116647652646,92158716413.04836
"2021-04-09 00:30:08.064000-07:00",1.00146456680811,91727601321.74615
"2021-04-09 00:35:04.238000-07:00",1.00156268099225,92022838912.94194
"2021-04-09 00:40:06.289000-07:00",1.00148835498382,92039563529.5389
"2021-04-09 00:45:03.717000-07:00",1.00143597986984,91876530570.87735
"2021-04-09 00:50:03.727000-07:00",1.00135181648755,91882350728.51108
"2021-04-09 00:55:03.922000-07:00",1.00113678661893,91764047729.46397
"2021-04-09 01:00:16.455000-07:00",1.00117296425295,91814179139.17546
"2021-04-09 01:05:03.873000-07:00",1.00154894525597,91497125467.34254
"2021-04-09 01:10:05.685000-07:00",1.00167207092342,91347075541.6574
"2021-04-09 01:15:04.056000-07:00",1.00151597687505,91437862057.44507
"2021-04-09 01:20:04.626000-07:00",1.00122091508398,91382464450.974
"2021-04-09 01:25:03.653000-07:00",1.00145574549729,91245155012.288
"2021-04-09 01:30:05.112000-07:00",1.00131595054334,91209654865.62137
"2021-04-09 01:35:04.347000-07:00",1.00116481754081,90690607121.84889
"2021-04-09 01:40:04.093000-07:00",1.00098336566214,90619263701.05563
"2021-04-09 01:45:05.876000-07:00",1.00120867567059,90649654426.58281
"2021-04-09 01:50:06.389000-07:00",1.00092107848628,90587471900.43263
"2021-04-09 01:55:03.585000-07:00",1.00102893257188,90455246008.92253
"2021-04-09 02:00:04.072000-07:00",1.0009711743878,90521234736.03156
"2021-04-09 02:05:05.312000-07:00",1.00103387849331,90240864546.70657
"2021-04-09 02:10:03.368000-07:00",1.00100680189361,90261282224.43584
"2021-04-09 02:15:05.249000-07:00",1.00093270820526,90237273045.88673
"2021-04-09 02:20:04.075000-07:00",1.00101067945161,90651145117.5549
"2021-04-09 02:25:03.976000-07:00",1.00098475652226,90571636112.23566
"2021-04-09 02:30:10.668000-07:00",1.00114510043995,90631524050.3794
"2021-04-09 02:35:03.998000-07:00",1.00103006192756,90603056197.37773
"2021-04-09 02:40:04.736000-07:00",1.00091189626563,90620227934.65118
"2021-04-09 02:45:03.947000-07:00",1.00101642782679,90575986947.28087
"2021-04-09 02:50:04.771000-07:00",1.00091593804067,90548230297.80795
"2021-04-09 02:55:03.804000-07:00",1.00079008034716,90551071116.43292
"2021-04-09 03:00:05.752000-07:00",1.00084391047415,90465958547.58676
"2021-04-09 03:05:03.766000-07:00",1.00081756839644,90176872539.54416
"2021-04-09 03:10:04.949000-07:00",1.00072870784157,90200694430.58337
"2021-04-09 03:15:04.845000-07:00",1.00075089990917,90251103001.55946
"2021-04-09 03:20:04.340000-07:00",1.00062229188811,90107771642.11688
"2021-04-09 03:25:04.978000-07:00",1.00072811199055,90396206317.31506
"2021-04-09 03:30:10.996000-07:00",1.00076383261379,90561341340.12624
"2021-04-09 03:35:03.948000-07:00",1.00080950109801,90551894654.91397
"2021-04-09 03:40:03.969000-07:00",1.00078765078045,90681638539.49266
"2021-04-09 03:45:04.328000-07:00",1.00084965860018,90688507781.10538
"2021-04-09 03:50:04.306000-07:00",1.00076786513975,90670096391.81825
"2021-04-09 03:55:04.224000-07:00",1.00063533606393,90650577602.59998
"2021-04-09 04:00:07.542000-07:00",1.00048830302344,90629515283.75916
"2021-04-09 04:05:03.604000-07:00",1.00046462921913,90502102855.74963
"2021-04-09 04:10:05.444000-07:00",1.00036047713558,90429901436.01004
"2021-04-09 04:15:05.049000-07:00",1.00032670359117,90521327868.76923
"2021-04-09 04:20:04.201000-07:00",1.00035928541152,90515930595.66055
"2021-04-09 04:25:04.179000-07:00",1.00037663942047,90486297553.71376
"2021-04-09 04:30:04.155000-07:00",1.00044876126423,90509781036.19212
"2021-04-09 04:35:04.259000-07:00",1.00052604585318,90870619759.90659
"2021-04-09 04:40:04.637000-07:00",1.00054862756104,90870802412.76291
"2021-04-09 04:45:03.878000-07:00",1.0006955772666,90914417453.082
"2021-04-09 04:50:03.905000-07:00",1.00091064607579,90865214618.80644
"2021-04-09 04:55:03.976000-07:00",1.00092695509815,90961715003.87675
"2021-04-09 05:00:05.951000-07:00",1.0010244277517,90882304557.67662
"2021-04-09 05:05:05.825000-07:00",1.00099896049621,90614603717.7791
"2021-04-09 05:10:04.838000-07:00",1.00071047034564,90575604066.57239
"2021-04-09 05:15:06.138000-07:00",1.00076765022624,90535678360.31818
"2021-04-09 05:20:04.029000-07:00",1.00053835958384,90586855736.69737
"2021-04-09 05:25:03.980000-07:00",1.00065430871424,90645668856.12991
"2021-04-09 05:30:12.125000-07:00",1.00088605861692,90573228780.22849
"2021-04-09 05:35:04.315000-07:00",1.00077480600196,90759042444.14212
"2021-04-09 05:40:06.896000-07:00",1.00074228108908,90814511690.52303
"2021-04-09 05:45:05.842000-07:00",1.00097943479999,90687738652.16022
"2021-04-09 05:50:03.942000-07:00",1.00087013845337,90563552078.02638
"2021-04-09 05:55:03.880000-07:00",1.00103238270463,90196144655.75244
"2021-04-09 06:00:06.651000-07:00",1.00109678469945,90025021476.68443
"2021-04-09 06:05:04.152000-07:00",1.00106664250662,89646318772.04958
"2021-04-09 06:10:04.285000-07:00",1.00085071191986,89443289577.99031
"2021-04-09 06:15:03.515000-07:00",1.00070166827391,89335183112.60211
"2021-04-09 06:20:03.963000-07:00",1.00074811554284,89229041084.94882
"2021-04-09 06:25:04.833000-07:00",1.00058306649744,89273784772.9743
"2021-04-09 06:30:04.682000-07:00",1.00058860791189,89328203085.43906
"2021-04-09 06:35:04.085000-07:00",1.00048563486618,89357344167.465
"2021-04-09 06:40:04.964000-07:00",1.00067951871256,89380366296.99606
"2021-04-09 06:45:04.064000-07:00",1.00071643146317,89296799877.86198
"2021-04-09 06:50:06.350000-07:00",1.00083606324301,88889934366.41483
"2021-04-09 06:55:04.441000-07:00",1.0005576699198,89027134005.0557
"2021-04-09 07:00:09.272000-07:00",1.00072237606846,89248361835.31941
"2021-04-09 07:05:04.261000-07:00",1.00090986577641,89024764187.79839
"2021-04-09 07:10:04.506000-07:00",1.00076144839438,89138617187.25636
"2021-04-09 07:15:05.110000-07:00",1.00100023024632,89075668160.77222
"2021-04-09 07:20:04.254000-07:00",1.00107536583926,89001821438.6937
"2021-04-09 07:25:03.410000-07:00",1.00106165441659,88831939596.67628
"2021-04-09 07:30:08.251000-07:00",1.00109149635446,88773049769.17921
"2021-04-09 07:35:04.303000-07:00",1.00096675686636,88746789814.43565
"2021-04-09 07:40:05.992000-07:00",1.00100972407253,89088676961.13892
"2021-04-09 07:45:04.769000-07:00",1.00079271448716,89206854851.33656
"2021-04-09 07:50:04.711000-07:00",1.00081128045712,89174878498.86385
"2021-04-09 07:55:04.094000-07:00",1.0007372151868,89299895575.54628
"2021-04-09 08:00:11.813000-07:00",1.00073914977602,89193504793.59114
"2021-04-09 08:05:04.248000-07:00",1.00073871683356,88951044586.16283
"2021-04-09 08:10:04.904000-07:00",1.00078903707839,88815171092.03908
"2021-04-09 08:15:04.818000-07:00",1.00067030899506,88839825400.75856
"2021-04-09 08:20:03.956000-07:00",1.00076971685551,88814917166.37509
"2021-04-09 08:25:03.835000-07:00",1.00071307872209,88668452169.73625
"2021-04-09 08:30:05.889000-07:00",1.00069672866516,88923490640.86012
"2021-04-09 08:35:03.925000-07:00",1.00075119999989,88974945783.9014
"2021-04-09 08:40:04.557000-07:00",1.00067916046173,88960808696.14244
"2021-04-09 08:45:03.497000-07:00",1.00076919630371,89033632699.32732
"2021-04-09 08:50:04.705000-07:00",1.00070194372134,89100317405.79639
"2021-04-09 08:55:04.508000-07:00",1.00076135435931,89272264136.0094
"2021-04-09 09:00:16.389000-07:00",1.00074491135396,89207322889.61552
"2021-04-09 09:05:03.834000-07:00",1.00079586264619,88793338764.0781
"2021-04-09 09:10:04.057000-07:00",1.00084657181219,88413293853.84012
"2021-04-09 09:15:03.979000-07:00",1.00088240973485,88387944995.70892
"2021-04-09 09:20:05.271000-07:00",1.00083445107275,88337238066.18692
"2021-04-09 09:25:04.338000-07:00",1.00086253261362,88598069491.13579
"2021-04-09 09:30:11.737000-07:00",1.00089009620868,88329127525.63116
"2021-04-09 09:35:03.911000-07:00",1.00094962109363,88451924583.69128
"2021-04-09 09:40:04.154000-07:00",1.00090320413804,88514126172.39146
"2021-04-09 09:45:04.240000-07:00",1.00074905295958,88661537716.85834
"2021-04-09 09:50:05.417000-07:00",1.00092826214197,88730668312.86664
"2021-04-09 09:55:04.168000-07:00",1.00086105252466,88782006499.85162
"2021-04-09 10:00:09.012000-07:00",1.00087158711477,88771414033.56311
"2021-04-09 10:05:03.992000-07:00",1.00085826039004,88602633190.85518
"2021-04-09 10:10:04.948000-07:00",1.00087631208475,88598472440.73505
"2021-04-09 10:15:04.125000-07:00",1.00080073158476,88624274922.64651
"2021-04-09 10:20:04.312000-07:00",1.00081084489455,88575763705.76031
"2021-04-09 10:25:04.436000-07:00",1.00083491017793,88556811943.07341
"2021-04-09 10:30:13.048000-07:00",1.00087600440175,88481295680.5398
"2021-04-09 10:35:03.938000-07:00",1.0008954467681,88540550604.02255
"2021-04-09 10:40:09.276000-07:00",1.00083129095327,88559533948.05205
"2021-04-09 10:45:03.660000-07:00",1.00084688297666,88562866475.98811
"2021-04-09 10:50:04.055000-07:00",1.00087436706807,88614590133.35808
"2021-04-09 10:55:09.226000-07:00",1.00088905907624,88698449765.72386
"2021-04-09 11:00:11.630000-07:00",1.00090862056897,89135355818.28471
"2021-04-09 11:05:04.758000-07:00",1.00084952456044,88893330902.65509
"2021-04-09 11:10:04.271000-07:00",1.00093783510695,88811323230.98228
"2021-04-09 11:15:03.797000-07:00",1.00094380395716,88838685998.73671
"2021-04-09 11:20:04.626000-07:00",1.00091587101842,88866313258.3466
"2021-04-09 11:25:03.671000-07:00",1.00093442893601,88832891630.11798
"2021-04-09 11:30:10.843000-07:00",1.00105931365031,88834603226.61958
"2021-04-09 11:35:03.788000-07:00",1.00094937709277,88658534688.23116
"2021-04-09 11:40:05.373000-07:00",1.00095248014434,88544586342.51122
"2021-04-09 11:45:03.846000-07:00",1.00094668110078,88479268712.80261
"2021-04-09 11:50:04.222000-07:00",1.00093035397218,88434289529.87418
"2021-04-09 11:55:04.192000-07:00",1.00085734165977,88380189512.51256
"2021-04-09 12:00:06.535000-07:00",1.00093826709572,88380162044.60559
"2021-04-09 12:05:04.410000-07:00",1.00085224045279,88197825957.28221
"2021-04-09 12:10:04.714000-07:00",1.00076561675765,88242279133.32445
"2021-04-09 12:15:03.807000-07:00",1.00081360789426,88177732948.83258
"2021-04-09 12:20:04.152000-07:00",1.00081736856538,88238080013.55212
"2021-04-09 12:25:04.169000-07:00",1.00088805585468,88240626320.73528
"2021-04-09 12:30:05.227000-07:00",1.00093301350796,88395009447.4611
"2021-04-09 12:35:04.291000-07:00",1.00091986194352,88381114094.79109
"2021-04-09 12:40:07.268000-07:00",1.00091485626687,88406307133.06339
"2021-04-09 12:45:04.519000-07:00",1.00081641333606,88381887920.4716
"2021-04-09 12:50:04.115000-07:00",1.00083149117802,88373562278.85497
"2021-04-09 12:55:04.203000-07:00",1.00081324296211,88341159725.79723
"2021-04-09 13:00:06.245000-07:00",1.00077750965363,88311569940.64896
"2021-04-09 13:05:05.261000-07:00",1.00082313710691,88096648060.02022
"2021-04-09 13:10:04.984000-07:00",1.00074922189197,88046232087.15082
"2021-04-09 13:15:04.638000-07:00",1.00078896832007,88050716265.5605
"2021-04-09 13:20:03.958000-07:00",1.00078807632117,88083340027.1088
"2021-04-09 13:25:04.118000-07:00",1.0007602907804,88150104126.56523
"2021-04-09 13:30:05.138000-07:00",1.0009106965891,88135587941.5525
"2021-04-09 13:35:04.311000-07:00",1.0009370729355,88094900386.42444
"2021-04-09 13:40:05.248000-07:00",1.00090165208667,88062785148.70349
"2021-04-09 13:45:06.271000-07:00",1.00088258450308,88011704123.68756
"2021-04-09 13:50:05.333000-07:00",1.00086221866703,87944931306.28606
"2021-04-09 13:55:04.431000-07:00",1.00084641043264,87957021145.35364
"2021-04-09 14:00:05.944000-07:00",1.00089685965862,87635983874.4888
"2021-04-09 14:05:04.516000-07:00",1.00083236310092,87480630543.5948
"2021-04-09 14:10:06.418000-07:00",1.00076385491969,87812928675.47787
"2021-04-09 14:15:03.471000-07:00",1.00078477678441,87791343529.73776
"2021-04-09 14:20:04.674000-07:00",1.00072595448888,87792848538.88968
"2021-04-09 14:25:04.355000-07:00",1.00076340689135,87828635489.95348
"2021-04-09 14:30:08.296000-07:00",1.00076284833591,87890017416.06284
"2021-04-09 14:35:04.513000-07:00",1.00066884620212,87947214945.61896
"2021-04-09 14:40:04.578000-07:00",1.00076913383104,88024857626.30573
"2021-04-09 14:45:03.866000-07:00",1.0007687836852,88012925403.77042
"2021-04-09 14:50:04.014000-07:00",1.00088177356818,88040789081.09589
"2021-04-09 14:55:03.975000-07:00",1.00086966786246,88022825291.86739
"2021-04-09 15:00:10.976000-07:00",1.00088358658213,87960033295.21245
"2021-04-09 15:05:03.872000-07:00",1.00099069412547,87575350345.27141
"2021-04-09 15:10:05.557000-07:00",1.00098987906502,87444878563.20648
"2021-04-09 15:15:03.970000-07:00",1.00106063556148,87303978107.02281
"2021-04-09 15:20:06.192000-07:00",1.00098925574545,87216135909.22433
"2021-04-09 15:25:04.574000-07:00",1.00095221800933,87050162516.07997
"2021-04-09 15:30:04.343000-07:00",1.00099825932499,87207819179.42435
"2021-04-09 15:35:03.664000-07:00",1.00096197679971,87134475026.01434
"2021-04-09 15:40:05.006000-07:00",1.00096465033407,86951239498.8251
"2021-04-09 15:45:04.275000-07:00",1.00102968991221,86762085655.41377
"2021-04-09 15:50:04.278000-07:00",1.00103090798654,86697614710.12154
"2021-04-09 15:55:04.197000-07:00",1.00104901408772,86669991158.03876
"2021-04-09 16:00:07.681000-07:00",1.00112352629012,86624009226.02231
"2021-04-09 16:05:03.839000-07:00",1.0011240561169,86476364259.58754
"2021-04-09 16:10:05.153000-07:00",1.00119946672922,86299160997.29321
"2021-04-09 16:15:04.962000-07:00",1.0012520539839,86301896174.18576
"2021-04-09 16:20:04.901000-07:00",1.00109010586627,86440948521.15126
"2021-04-09 16:25:05.847000-07:00",1.00117877872698,86535116897.24544
"2021-04-09 16:30:05.084000-07:00",1.00127518241674,86448100743.52101
"2021-04-09 16:35:04.230000-07:00",1.00126678031538,86452663022.72546
"2021-04-09 16:40:05.540000-07:00",1.00121776414924,86531246630.0924
"2021-04-09 16:45:04.491000-07:00",1.00114142825975,86545171944.55556
"2021-04-09 16:50:03.722000-07:00",1.00116237485594,86567982496.4769
"2021-04-09 16:55:03.708000-07:00",1.00109548804997,86601670407.55716
"2021-04-09 17:00:05.168000-07:00",1.00110260039977,86480909629.78185
"2021-04-09 17:05:04.369000-07:00",1.00110722728517,86360571254.69226
"2021-04-09 17:10:04.366000-07:00",1.00104743200646,86128007073.57455
"2021-04-09 17:15:04.819000-07:00",1.00103460690898,86474840482.18628
"2021-04-09 17:20:04.323000-07:00",1.00100117928116,86534310293.97148
"2021-04-09 17:25:03.435000-07:00",1.00094088093308,86499259377.9791
"2021-04-09 17:30:06.922000-07:00",1.00101665984837,86411472255.9982
"2021-04-09 17:35:03.837000-07:00",1.00110196429256,86361857347.14908
"2021-04-09 17:40:05.104000-07:00",1.00117054033198,86212722602.59491
"2021-04-09 17:45:04.416000-07:00",1.00120896451906,86151765615.75536
"2021-04-09 17:50:04.969000-07:00",1.00115431304667,86319672520.29604
"2021-04-09 17:55:07.059000-07:00",1.00130257717752,86427497284.58691
"2021-04-09 18:00:04.788000-07:00",1.00125662236272,86602866942.39587
"2021-04-09 18:05:04.238000-07:00",1.00119290134626,86427032920.91795
"2021-04-09 18:10:04.226000-07:00",1.0012383545151,86625419571.03452
"2021-04-09 18:15:04.315000-07:00",1.00127030209143,86668099904.99403
"2021-04-09 18:20:05.140000-07:00",1.00122736396614,86779792335.83469
"2021-04-09 18:30:05.354000-07:00",1.00123692596257,86870369667.61392
"2021-04-09 18:35:06.728000-07:00",1.00112754361579,86918678835.45984
"2021-04-09 18:40:14.363000-07:00",1.00115179766142,87040666566.3871
"2021-04-09 18:45:05.629000-07:00",1.00131358619177,87228540128.49785
"2021-04-09 18:50:04.218000-07:00",1.00117490193181,87335055100.74147
"2021-04-09 18:55:04.791000-07:00",1.00115456245435,87489211119.41273
"2021-04-09 19:00:13.041000-07:00",1.00107868725761,87677780890.98584
"2021-04-09 19:05:03.601000-07:00",1.00096985346276,87685966911.50891
"2021-04-09 19:10:03.824000-07:00",1.00101916992875,87609612861.11403
"2021-04-09 19:15:09.421000-07:00",1.00104800784646,87768785587.27039
"2021-04-09 19:20:03.686000-07:00",1.00093516712668,87831714545.0243
"2021-04-09 19:25:03.718000-07:00",1.00099884430415,87878244474.86128
"2021-04-09 19:30:06.159000-07:00",1.00107978670242,87927924804.64485
"2021-04-09 19:35:04.680000-07:00",1.00106391817968,88038255543.25357
"2021-04-09 19:40:03.887000-07:00",1.00099225095876,88221201773.82407
"2021-04-09 19:45:03.936000-07:00",1.00102092454567,88254038650.95616
"2021-04-09 19:50:04.306000-07:00",1.00100068989531,88391388945.49763
"2021-04-09 19:55:04.263000-07:00",1.00088858075824,88583669011.23651
"2021-04-09 20:00:05.142000-07:00",1.00091352591318,88809608064.799
"2021-04-09 20:05:03.672000-07:00",1.00066874860238,88846457700.00916
"2021-04-09 20:10:03.906000-07:00",1.00042618697321,89196598628.18777
"2021-04-09 20:15:04.890000-07:00",1.00026771574141,89409241820.94508
"2021-04-09 20:20:04.987000-07:00",1.00011133629392,89586342815.64333
"2021-04-09 20:25:04.760000-07:00",1.00000358305037,89848461571.5597
"2021-04-09 20:30:06.457000-07:00",0.9999626344496,90041607194.37387
"2021-04-09 20:35:09.519000-07:00",0.9999129501987,90150330084.57516
"2021-04-09 20:40:04.300000-07:00",0.99988966331555,90469899355.32935
"2021-04-09 20:45:04.490000-07:00",0.99967824690292,90704023571.2592
"2021-04-09 20:50:04.857000-07:00",0.99954453239779,90841790566.18591
"2021-04-09 20:55:03.424000-07:00",0.99939887169459,91023465147.55597
"2021-04-09 21:00:06.313000-07:00",0.99920293873565,91185437213.62378
"2021-04-09 21:05:04.066000-07:00",0.99902776854577,91133378334.64935
"2021-04-09 21:10:04.209000-07:00",0.99892712404621,91303878400.57486
"2021-04-09 21:15:04.467000-07:00",0.99884102980281,91939083267.95853
"2021-04-09 21:20:05.251000-07:00",0.99876126166113,92353332122.26707
"2021-04-09 21:25:03.751000-07:00",0.99942242368535,93470658592.79605
"2021-04-09 21:30:08.133000-07:00",0.99929418800586,94478428215.00444
"2021-04-09 21:35:04.305000-07:00",0.99930883193518,94938945690.07143
"2021-04-09 21:40:04.589000-07:00",0.99921592788013,95476210386.45871
"2021-04-09 21:45:03.713000-07:00",0.99912280928422,95781198269.78284
"2021-04-09 21:50:04.642000-07:00",0.99918625200287,96032289982.15219
"2021-04-09 21:55:04.301000-07:00",0.99924047241949,96433135040.65189
"2021-04-09 22:00:07.655000-07:00",0.99930615035181,96837127665.65205
"2021-04-09 22:05:03.699000-07:00",0.99976893174619,97257121185.89241
"2021-04-09 22:10:03.913000-07:00",1.00021478491464,97784274467.17154
"2021-04-09 22:15:04.647000-07:00",1.0001292683872,98254486270.05756
"2021-04-09 22:20:05.709000-07:00",1.00019816858541,98593899311.97566
"2021-04-09 22:25:03.742000-07:00",1.00012248958715,98996943918.19966
"2021-04-09 22:30:11.432000-07:00",1.0001140051959,99259232197.25594
"2021-04-09 22:35:04.112000-07:00",1.00018910187253,99384132181.10577
"2021-04-09 22:40:04.242000-07:00",0.9999838691939,99497172336.33357
"2021-04-09 22:45:04.805000-07:00",0.99998338036276,99582141058.07224
"2021-04-09 22:50:04.747000-07:00",1.00003999864838,99610853822.02257
"2021-04-09 22:55:04.283000-07:00",1.00002417555795,99708183078.12273
"2021-04-09 23:00:13.666000-07:00",0.99983278697735,99795261341.99379
"2021-04-09 23:05:03.685000-07:00",1.00008519496562,99602080810.68375
"2021-04-09 23:10:03.756000-07:00",1.0002422653681,99627489210.93839
"2021-04-09 23:15:12.708000-07:00",1.00036163968346,99690919281.46027
"2021-04-09 23:20:06.938000-07:00",1.00022954284958,99765829362.61876
"2021-04-09 23:25:05.206000-07:00",1.00050783926628,99858261411.6368
"2021-04-09 23:30:06.687000-07:00",1.00045038425645,100076780952.06894
"2021-04-09 23:35:04.152000-07:00",1.00043996602518,100085599163.19313
"2021-04-09 23:40:05.285000-07:00",1.00016477324048,100104628791.99828
"2021-04-09 23:45:04.445000-07:00",1.0000919220079,100188925161.7967
"2021-04-09 23:50:05.487000-07:00",1.00039633651768,100214558393.67056
"2021-04-09 23:55:03.541000-07:00",1.00025785152105,100306821761.47783
"2021-04-10 00:00:05.117000-07:00",1.00029556712841,100243629874.19191
"2021-04-10 00:05:04.321000-07:00",1.0004532854993,99875840809.91655
"2021-04-10 00:10:05.961000-07:00",1.00060984201748,99848304557.84325
"2021-04-10 00:15:04.978000-07:00",1.00090367999704,100042864337.46321
"2021-04-10 00:20:05.033000-07:00",1.00136184394502,100106976759.06584
"2021-04-10 00:25:04.361000-07:00",1.00168313263717,100316491261.45113
"2021-04-10 00:30:04.832000-07:00",1.00169301875506,100368781888.78415
"2021-04-10 00:35:03.836000-07:00",1.00170677137036,100555035236.82996
"2021-04-10 00:40:04.833000-07:00",1.00174545407506,100764162267.76237
"2021-04-10 00:45:04.312000-07:00",1.00168273845264,100991116191.27803
"2021-04-10 00:50:04.378000-07:00",1.00146108227438,101160804443.19666
"2021-04-10 00:55:04.246000-07:00",1.00146368611251,101400109836.90474
"2021-04-10 01:00:11.376000-07:00",1.00151714513615,101492711114.03358
"2021-04-10 01:05:03.453000-07:00",1.00143706331429,101305920173.56956
"2021-04-10 01:10:04.519000-07:00",1.00126820455164,101525461076.84906
"2021-04-10 01:15:05.239000-07:00",1.00137636678791,101713423002.80241
"2021-04-10 01:20:04.713000-07:00",1.00128988963534,101814834612.18556
"2021-04-10 01:25:03.677000-07:00",1.00132112091978,101932832240.86182
"2021-04-10 01:30:05.551000-07:00",1.00156723413081,101941846375.6793
"2021-04-10 01:35:03.897000-07:00",1.00153665162903,101984671875.14372
"2021-04-10 01:40:04.158000-07:00",1.00159940102333,101788111151.14922
"2021-04-10 01:45:05.348000-07:00",1.00134008896179,101743367136.26527
"2021-04-10 01:50:07.164000-07:00",1.00147059554496,101764736360.7282
"2021-04-10 01:55:04.586000-07:00",1.00128034382381,101747265237.20305
"2021-04-10 02:00:16.891000-07:00",1.00142219651455,101718498677.94524
"2021-04-10 02:05:03.428000-07:00",1.001496187979,101536036651.59946
"2021-04-10 02:10:06.460000-07:00",1.00146673481463,101499011809.24536
"2021-04-10 02:15:04.033000-07:00",1.00146061703342,101622029349.96854
"2021-04-10 02:20:06.886000-07:00",1.00155421942115,101633140683.28491
"2021-04-10 02:25:04.654000-07:00",1.00150362516871,101714219352.39095
"2021-04-10 02:30:05.130000-07:00",1.00160073560163,101798466919.59303
"2021-04-10 02:35:04.228000-07:00",1.00165935173891,101778300996.21722
"2021-04-10 02:40:06.671000-07:00",1.00186935871314,101934581720.09618
"2021-04-10 02:45:04.480000-07:00",1.00185175570972,102040049923.12575
"2021-04-10 02:50:07.345000-07:00",1.00184226755302,102096909888.53468
"2021-04-10 02:55:04.630000-07:00",1.00173509652321,102262040803.36734
"2021-04-10 03:00:10.834000-07:00",1.00176748612555,102312824035.79207
"2021-04-10 03:05:04.432000-07:00",1.00165110662957,102135386814.38892
"2021-04-10 03:10:05.549000-07:00",1.00177388490869,101827769428.7921
"2021-04-10 03:15:04.420000-07:00",1.00163360427181,101683599499.95908
"2021-04-10 03:20:04.443000-07:00",1.00159879489916,101510801260.69035
"2021-04-10 03:25:03.622000-07:00",1.00162598132176,101260860254.5188
"2021-04-10 03:30:06.431000-07:00",1.00153481093079,101334296560.0991
"2021-04-10 03:35:04.713000-07:00",1.00159263564016,101292269474.24818
"2021-04-10 03:40:03.880000-07:00",1.00166764468731,100741079090.2928
"2021-04-10 03:45:04.601000-07:00",1.00187177011561,100650575476.42073
"2021-04-10 03:50:04.969000-07:00",1.00181595137309,100700876260.85497
"2021-04-10 03:55:05.279000-07:00",1.00205743111327,100831907801.00923
"2021-04-10 04:00:06.366000-07:00",1.00185252042834,100901537129.15515
"2021-04-10 04:05:05.391000-07:00",1.00151889221608,100516699497.76515
"2021-04-10 04:10:05.586000-07:00",1.00133434382936,100301225228.31656
"2021-04-10 04:15:05.205000-07:00",1.00081584963006,100184795832.6529
"2021-04-10 04:20:04.491000-07:00",1.00062324334094,100237106644.73378
"2021-04-10 04:25:03.514000-07:00",1.00041620363498,100240456445.0925
"2021-04-10 04:30:04.447000-07:00",1.00024963490514,100271330028.12523
"2021-04-10 04:35:03.755000-07:00",1.00010395291975,100134746951.0283
"2021-04-10 04:40:05.458000-07:00",1.00009944756073,100001932419.15617
"2021-04-10 04:45:03.383000-07:00",1.00004141498927,99925485383.66228
"2021-04-10 04:50:09.475000-07:00",0.9998833935567,99792605485.8637
"2021-04-10 04:55:04.636000-07:00",0.99978359838516,99697238903.00902
"2021-04-10 05:00:13.878000-07:00",0.99994115270961,99658580123.53949
"2021-04-10 05:05:03.747000-07:00",0.99998014493573,99338937407.98836
"2021-04-10 05:10:05.740000-07:00",1.00012437729973,99236504076.53049
"2021-04-10 05:15:05.735000-07:00",0.99994167196614,99283967389.65367
"2021-04-10 05:20:04.624000-07:00",0.99998772085984,99207497762.14183
"2021-04-10 05:25:03.560000-07:00",0.9999286160735,99177605146.43776
"2021-04-10 05:30:09.583000-07:00",1.00007527731275,99171313459.68507
"2021-04-10 05:35:03.769000-07:00",1.00043758815492,98651595902.07469
"2021-04-10 05:40:03.994000-07:00",1.00040574255177,98632175567.32248
"2021-04-10 05:45:04.013000-07:00",1.00042179201285,98837833957.55379
"2021-04-10 05:50:05.999000-07:00",1.00091201036821,98897147215.08598
"2021-04-10 05:55:04.419000-07:00",1.00088614486096,99163425312.75407
"2021-04-10 06:00:18.946000-07:00",1.00083854989758,99397405188.86354
"2021-04-10 06:05:04.486000-07:00",1.00068765291883,99451415924.33037
"2021-04-10 06:10:04.764000-07:00",1.00054657044844,99654891455.56004
"2021-04-10 06:15:03.853000-07:00",1.00038389663577,99846640202.82903
"2021-04-10 06:20:04.375000-07:00",1.00035465295725,99894173997.2428
"2021-04-10 06:25:04.715000-07:00",1.00031537902371,100275084028.24861
"2021-04-10 06:30:05.992000-07:00",1.00044961797326,100485812830.51968
"2021-04-10 06:35:04.484000-07:00",1.00027451005216,100752567524.19351
"2021-04-10 06:40:04.273000-07:00",1.00047049274564,101130002796.45816
"2021-04-10 06:45:04.544000-07:00",1.00049322259629,101272659863.78532
"2021-04-10 06:50:04.063000-07:00",1.00049876010355,101316627588.14381
"2021-04-10 06:55:04.492000-07:00",1.00052423882627,101379180794.11722
"2021-04-10 07:00:06.719000-07:00",1.00050556511811,101481884016.36378
"2021-04-10 07:05:04.102000-07:00",1.00055276540795,101141029896.50027
"2021-04-10 07:10:05.834000-07:00",1.00059216922955,101095050544.00827
"2021-04-10 07:15:05.600000-07:00",1.0006745308755,101182160256.80545
"2021-04-10 07:20:03.957000-07:00",1.00070665019453,101158702874.1936
"2021-04-10 07:25:07.949000-07:00",1.00076612792191,101185245025.26164
"2021-04-10 07:30:04.527000-07:00",1.00067557859671,101089163896.85118
"2021-04-10 07:35:03.749000-07:00",1.00077276531209,97521147947.26898
"2021-04-10 07:40:06.044000-07:00",1.00057051304059,97332484457.4382
"2021-04-10 07:45:04.649000-07:00",1.00063654672441,97287992818.02806
"2021-04-10 07:50:04.512000-07:00",1.00052028882903,97293715509.67207
"2021-04-10 07:55:03.658000-07:00",1.00062910131458,97278757848.29208
"2021-04-10 08:00:07.808000-07:00",1.00071794715794,97414610903.69785
"2021-04-10 08:05:04.402000-07:00",1.00059093419435,97352779324.56544
"2021-04-10 08:10:04.862000-07:00",1.00049011276625,97468493658.3408
"2021-04-10 08:30:05.092000-07:00",1.00047611725312,98049369528.9449
"2021-04-10 08:35:05.265000-07:00",1.00055777248992,98115270254.05035
"2021-04-10 08:40:06.242000-07:00",1.00058172904299,98157262983.45091
"2021-04-10 08:45:04.471000-07:00",1.00068768998382,98303150438.42824
"2021-04-10 08:50:04.397000-07:00",1.00067758206961,98302923064.69734
"2021-04-10 08:55:04.587000-07:00",1.00053561263773,98359577621.39232
"2021-04-10 09:00:07.856000-07:00",1.00054208766153,98564569331.11095
"2021-04-10 09:05:05.091000-07:00",1.000669811223,98611159725.71776
"2021-04-10 09:10:06.312000-07:00",1.00050242612524,99067878200.18936
"2021-04-10 09:15:05.367000-07:00",1.00036741684554,99441865435.88158
"2021-04-10 09:20:04.922000-07:00",1.0005612334638,99441149555.12796
"2021-04-10 09:25:04.416000-07:00",1.00042639161812,99813667162.2977
"2021-04-10 09:30:08.470000-07:00",1.00057826131487,99640455498.21442
"2021-04-10 09:35:04.879000-07:00",1.0005893993212,99916740328.1758
"2021-04-10 09:40:04.504000-07:00",1.00037193596631,100200411232.9696
"2021-04-10 09:45:04.365000-07:00",1.00058974403243,100498332267.04637
"2021-04-10 09:50:04.185000-07:00",1.000414664029,100445142116.12196
"2021-04-10 09:55:09.298000-07:00",1.00051248444787,100521189881.95457
"2021-04-10 10:00:09.980000-07:00",1.00053746387266,100641209160.71445
"2021-04-10 10:05:03.963000-07:00",1.00057579856289,100592602372.09023
"2021-04-10 10:10:05.446000-07:00",1.00068073190422,101048963333.75105
"2021-04-10 10:15:05.198000-07:00",1.00045672839658,101348840299.7635
"2021-04-10 10:20:06.330000-07:00",1.00066443251106,101316877906.06865
"2021-04-10 10:25:03.529000-07:00",1.00078995094157,101892961755.92642
"2021-04-10 10:30:05.950000-07:00",1.00100947751537,102268786542.83719
"2021-04-10 10:35:04.250000-07:00",1.0008959903799,102451165194.8053
"2021-04-10 10:40:08.217000-07:00",1.00114332815488,102898234996.50804
"2021-04-10 10:45:06.577000-07:00",1.00131652220635,103027904626.95992
"2021-04-10 10:50:07.666000-07:00",1.00131544542302,103039340396.34111
"2021-04-10 10:55:04.183000-07:00",1.00131225823327,102981635411.0691
"2021-04-10 11:00:14.823000-07:00",1.00116225515115,103277951072.8283
"2021-04-10 11:05:03.548000-07:00",1.00066135449602,103134680324.72891
"2021-04-10 11:10:03.566000-07:00",1.0001905025339,102980436855.82437
"2021-04-10 11:15:05.179000-07:00",0.99980828169053,103566405701.3657
"2021-04-10 11:20:04.469000-07:00",0.99955398395107,104001643537.37656
"2021-04-10 11:25:03.677000-07:00",0.9994743035459,104453146161.82288
"2021-04-10 11:30:03.586000-07:00",0.9994186988508,104508503935.94954
"2021-04-10 11:35:04.089000-07:00",0.99929510951773,104679374039.76079
"2021-04-10 12:30:04.107000-07:00",0.99766026532051,105573454669.11156
"2021-04-10 12:35:03.988000-07:00",0.99757279501742,105544662212.62135
"2021-04-10 12:40:04.062000-07:00",0.99744136029025,105913892504.223
"2021-04-10 12:45:04.300000-07:00",0.99753121517285,106061968823.94669
"2021-04-10 12:50:04.193000-07:00",0.99743896593905,106203570129.92128
"2021-04-10 12:55:04.347000-07:00",0.99749145238371,106268839089.3353
"2021-04-10 13:00:06.486000-07:00",0.99760818836203,106196740050.01945
"2021-04-10 13:05:03.491000-07:00",0.99766616531185,106128456416.40427
"2021-04-10 13:10:05.517000-07:00",0.99789359032032,106351282840.6126
"2021-04-10 13:15:04.584000-07:00",0.99785013194615,106409149323.84802
"2021-04-10 13:20:06.373000-07:00",0.99801012471579,106186500890.77718
"2021-04-10 13:25:04.847000-07:00",0.99819515070985,105676342613.4629
"2021-04-10 13:30:05.076000-07:00",0.99809394908126,105869471105.70338
"2021-04-10 13:35:04.710000-07:00",0.99828519124514,105815509567.54779
"2021-04-10 13:40:07.274000-07:00",0.99838702970102,105808063281.51079
"2021-04-10 13:45:04.336000-07:00",0.99831970470994,105924841463.99673
"2021-04-10 13:50:04.195000-07:00",0.99845492354297,105805181618.88876
"2021-04-10 13:55:04.105000-07:00",0.9988333474735,106242551182.3613
"2021-04-10 14:00:06.246000-07:00",0.99903033316657,106824495625.9701
"2021-04-10 14:05:04.070000-07:00",0.99925790763771,107239908975.6722
"2021-04-10 14:10:04.754000-07:00",0.99939725997576,107761669165.23705
"2021-04-10 14:15:05.463000-07:00",0.99952349140484,107973941264.93082
"2021-04-10 14:20:05.051000-07:00",0.99963280983776,107992096243.66647
"2021-04-10 14:25:04.232000-07:00",0.99975157422879,108222918298.1896
"2021-04-10 14:30:07.440000-07:00",0.99969582850734,108540579904.15477
"2021-04-10 14:35:03.779000-07:00",0.99981831207804,108583714851.39601
"2021-04-10 14:40:04.592000-07:00",0.99979442381774,108739981591.02185
"2021-04-10 14:45:03.865000-07:00",0.99982769740965,108777567453.37267
"2021-04-10 14:50:03.904000-07:00",0.99997528504927,109032297088.05914
"2021-04-10 14:55:03.929000-07:00",0.99974707072508,108885339182.96179
"2021-04-10 15:00:15.108000-07:00",0.99978306996191,108944030595.579
"2021-04-10 15:05:04.849000-07:00",0.99983110494223,108963441906.22342
"2021-04-10 15:10:05.767000-07:00",0.99976778157525,109119739082.68303
"2021-04-10 15:15:04.018000-07:00",0.99976699206167,109150347267.48773
"2021-04-10 15:20:05.820000-07:00",0.99973948388629,109565485194.14786
"2021-04-10 15:25:03.608000-07:00",0.99996880604159,109693232856.3509
"2021-04-10 15:30:03.947000-07:00",0.99979771802891,109865596436.04745
"2021-04-10 15:35:04.965000-07:00",0.99997763334967,109965563549.1105
"2021-04-10 15:40:04.321000-07:00",0.99995826648636,109977288456.47319
"2021-04-10 15:45:04.164000-07:00",1.00008965986124,110021663516.81262
"2021-04-10 15:50:04.521000-07:00",1.00005911523972,110004977491.80638
"2021-04-10 15:55:04.782000-07:00",1.00042148119917,109989375526.907
"2021-04-10 16:00:11.586000-07:00",1.00070321902231,109903412245.42375
"2021-04-10 16:05:03.731000-07:00",1.00063649695731,109937345133.39575
"2021-04-10 16:10:06.886000-07:00",1.00093602458944,110221582568.34062
"2021-04-10 16:15:06.472000-07:00",1.00094017778661,110402263235.93527
"2021-04-10 16:20:05.562000-07:00",1.00099839693163,110342375699.95607
"2021-04-10 16:25:03.740000-07:00",1.00089094112759,110391780222.83772
"2021-04-10 16:30:06.077000-07:00",1.00073664351606,110306486662.6128
"2021-04-10 16:35:04.156000-07:00",1.00076378502422,110422871056.65854
"2021-04-10 16:40:10.748000-07:00",1.00073943777199,110559133600.2879
"2021-04-10 16:45:04.888000-07:00",1.00048425482628,111127244849.70052
"2021-04-10 16:50:03.972000-07:00",1.0005756052238,111164241228.43494
"2021-04-10 16:55:06.889000-07:00",1.00045624831811,111420373695.59816
"2021-04-10 17:00:16.206000-07:00",1.00045865969152,111559079842.55109
"2021-04-10 17:05:05.096000-07:00",1.00044900185041,111499027941.73515
"2021-04-10 17:10:05.081000-07:00",1.00030634398649,111432136949.57225
"2021-04-10 17:15:04.690000-07:00",1.00065629137369,112208244665.54166
"2021-04-10 17:20:04.310000-07:00",1.00036982856188,112520195994.00348
"2021-04-10 17:25:09.952000-07:00",1.00019194304785,112837095293.21365
"2021-04-10 17:30:12.764000-07:00",1.00007089872523,113071354330.75963
"2021-04-10 17:35:04.746000-07:00",1.00019188941807,113185741628.46078
"2021-04-10 17:40:04.217000-07:00",1.00082618059537,113625436889.71266
"2021-04-10 17:45:05.239000-07:00",1.00110023310608,113813104499.79797
"2021-04-10 17:50:04.623000-07:00",1.00106358056312,113962937489.98975
"2021-04-10 17:55:03.757000-07:00",1.00107250974666,114114319472.14735
"2021-04-10 18:00:10.341000-07:00",1.00105151710466,114246291341.86081
"2021-04-10 18:05:04.082000-07:00",1.00113208408393,114122015637.13971
"2021-04-10 18:10:04.624000-07:00",1.00124640852097,114144588130.07779
"2021-04-10 18:15:05.828000-07:00",1.00137689011709,114327297713.42783
"2021-04-10 18:20:04.709000-07:00",1.00144417180179,114368300232.01353
"2021-04-10 18:25:04.054000-07:00",1.00135822428015,114467161684.37938
"2021-04-10 18:30:05.597000-07:00",1.00142237800117,114485888791.43065
"2021-04-10 18:35:04.136000-07:00",1.00133837062261,114520692034.4885
"2021-04-10 18:40:04.169000-07:00",1.00131611419737,114853713370.83168
"2021-04-10 18:45:04.134000-07:00",1.00135343696208,115042854345.43257
"2021-04-10 18:50:04.066000-07:00",1.00133477657925,115038588962.40935
"2021-04-10 18:55:04.031000-07:00",1.00114171817655,115004869084.26544
"2021-04-10 19:00:08.810000-07:00",1.00127240742507,115150359541.4121
"2021-04-10 19:05:04.313000-07:00",1.00127451183363,115092932869.7774
"2021-04-10 19:10:05.628000-07:00",1.00126533170393,114899334980.1515
"2021-04-10 19:15:04.766000-07:00",1.00127437728358,114895760236.9533
"2021-04-10 19:20:06.221000-07:00",1.00116336222769,114805032730.7666
"2021-04-10 19:25:04.861000-07:00",1.00127272976788,114823823884.93048
"2021-04-10 19:30:03.982000-07:00",1.00122899477462,114901805427.86034
"2021-04-10 19:35:04.228000-07:00",1.00135302655929,114913119683.53911
"2021-04-10 19:40:03.644000-07:00",1.00167782949775,114851334620.13594
"2021-04-10 19:45:03.451000-07:00",1.00172006615746,115052644348.33458
"2021-04-10 19:50:10.988000-07:00",1.00180600545676,115088042865.9065
"2021-04-10 19:55:03.979000-07:00",1.00204098475666,115200356949.01657
"2021-04-10 20:00:07.541000-07:00",1.00213994116685,114840178452.15193
"2021-04-10 20:05:04.346000-07:00",1.00204448605746,114573559511.78831
"2021-04-10 20:10:05.611000-07:00",1.00168602818297,114293808800.01912
"2021-04-10 20:15:04.048000-07:00",1.00146436354289,114070406635.37834
"2021-04-10 20:20:09.787000-07:00",1.00139725402402,114004975790.2806
"2021-04-10 20:25:04.348000-07:00",1.00131177414849,113956536722.26764
"2021-04-10 20:30:06.514000-07:00",1.00117914983397,113667546620.65686
"2021-04-10 20:35:03.880000-07:00",1.00135342437232,113548516018.09984
"2021-04-10 20:40:04.188000-07:00",1.0015157932894,113549021345.39845
"2021-04-10 20:45:04.141000-07:00",1.00146572847037,113867108720.18376
"2021-04-10 20:50:04.575000-07:00",1.00127171353619,113783365328.00204
"2021-04-10 20:55:08.935000-07:00",1.00143064827431,113658487821.32607
"2021-04-10 21:00:04.719000-07:00",1.00154231228691,113626946917.08429
"2021-04-10 21:05:04.189000-07:00",1.00181569897634,113381158981.17824
"2021-04-10 21:10:05.310000-07:00",1.00151036565513,113102268858.16843
"2021-04-10 21:15:03.931000-07:00",1.00157694689287,112734628627.68146
"2021-04-10 21:20:05.083000-07:00",1.00131611896345,112528147357.6387
"2021-04-10 21:25:04.481000-07:00",1.00119538241308,111909327004.48961
"2021-04-10 21:30:04.834000-07:00",1.0011113730591,110947691221.6992
"2021-04-10 21:35:04.380000-07:00",1.00128122027341,110721076104.02937
"2021-04-10 21:40:09.847000-07:00",1.00139452767506,110387420487.39685
"2021-04-10 21:45:05.809000-07:00",1.00134555650387,110058269271.35129
"2021-04-10 21:50:04.256000-07:00",1.00142468942917,109704630470.13997
"2021-04-10 21:55:05.102000-07:00",1.00174723523674,109752820254.2991
"2021-04-10 22:00:08.027000-07:00",1.00190483623126,109720264783.63808
"2021-04-10 22:05:10.592000-07:00",1.00198685581341,109403319072.04651
"2021-04-10 22:10:04.017000-07:00",1.00190877759914,108837874527.51993
"2021-04-10 22:15:04.548000-07:00",1.00179169996543,108600573422.47365
"2021-04-10 22:20:04.077000-07:00",1.00193091648708,108305368293.87486
"2021-04-10 22:25:09.897000-07:00",1.00171459689253,108258953060.39598
"2021-04-10 22:30:05.904000-07:00",1.00163735787661,108032756910.2492
"2021-04-10 22:35:04.535000-07:00",1.00174857230763,108046727387.1214
"2021-04-10 22:40:04.156000-07:00",1.0019382926585,107865837206.75542
"2021-04-10 22:45:04.952000-07:00",1.00213090897411,108224551653.73708
"2021-04-10 22:50:04.867000-07:00",1.00237509671358,108271079074.33553
"2021-04-10 22:55:03.901000-07:00",1.00229786261509,108540815448.70874
"2021-04-10 23:00:04.593000-07:00",1.00243689037284,108592599540.96999
"2021-04-10 23:05:04.931000-07:00",1.00218813406292,108492301440.29951
"2021-04-10 23:10:06.137000-07:00",1.00231642443072,108404741895.82086
"2021-04-10 23:15:09.756000-07:00",1.00228297028062,108905460627.48846
"2021-04-10 23:20:06.156000-07:00",1.0021479093399,109085410521.57475
"2021-04-10 23:25:04.426000-07:00",1.00195730996605,109228367096.85939
"2021-04-10 23:30:06.573000-07:00",1.00165021760763,109119068267.87724
"2021-04-10 23:35:04.018000-07:00",1.00104843528573,108879143972.28603
"2021-04-10 23:40:04.974000-07:00",1.00014777616695,108791588078.5737
"2021-04-10 23:45:04.763000-07:00",0.99955328569845,109258524028.14978
"2021-04-10 23:50:04.489000-07:00",0.99941405049746,109671139554.90771
"2021-04-10 23:55:06.046000-07:00",0.99923262426138,109981309213.88782
"2021-04-11 00:00:06.839000-07:00",0.99884113739924,110032044948.27312
"2021-04-11 00:05:06.221000-07:00",0.99886067243522,109816490701.5121
"2021-04-11 00:10:06.098000-07:00",0.99874774198206,109554576040.49937
"2021-04-11 00:15:04.761000-07:00",0.99887273965622,109308370034.9254
"2021-04-11 00:20:05.029000-07:00",0.99891968328899,109362353875.2081
"2021-04-11 00:25:04.525000-07:00",0.99915376816949,109318689145.44669
"2021-04-11 00:30:06.193000-07:00",0.99926312147609,109228018957.14412
"2021-04-11 00:35:04.595000-07:00",0.99918128458321,108969702144.28638
"2021-04-11 00:40:09.764000-07:00",0.99921486644805,108686005004.96269
"2021-04-11 00:45:05.014000-07:00",0.99918978449126,108705404609.27556
"2021-04-11 00:50:06.475000-07:00",0.99912652886647,108780044863.75034
"2021-04-11 00:55:03.740000-07:00",0.99901128649781,108766796975.03578
"2021-04-11 01:00:13.226000-07:00",0.99901840677308,108852186639.98558
"2021-04-11 01:05:05.329000-07:00",0.9991052056432,108795235075.03723
"2021-04-11 01:10:04.546000-07:00",0.99899901674506,108754209774.24036
"2021-04-11 01:15:03.991000-07:00",0.99926158722137,108718992628.84554
"2021-04-11 01:20:04.505000-07:00",0.99904392329942,108721400985.33922
"2021-04-11 01:25:03.670000-07:00",0.99902084467406,108891512985.02237
"2021-04-11 01:30:06.925000-07:00",0.99911001247792,108983937554.91322
"2021-04-11 01:35:04.508000-07:00",0.99923400052204,109037402554.68954
"2021-04-11 01:40:05.235000-07:00",0.99927986238745,109072126587.59854
"2021-04-11 01:45:05.335000-07:00",0.99918608657893,108982875015.21255
"2021-04-11 01:50:04.555000-07:00",0.99909318303958,109069431093.12692
"2021-04-11 01:55:04.337000-07:00",0.99916841717991,108984752396.80664
"2021-04-11 02:00:07.344000-07:00",0.99903407908836,108938488442.24556
"2021-04-11 02:05:04.321000-07:00",0.99903662127424,108748322096.84764
"2021-04-11 02:10:06.906000-07:00",0.9992408970185,108656808605.04472
"2021-04-11 02:15:04.992000-07:00",0.99929947639797,108561087759.23143
"2021-04-11 02:20:04.526000-07:00",0.99960610398841,108514572479.99762
"2021-04-11 02:25:03.466000-07:00",0.99987041351398,108543108520.18452
"2021-04-11 02:30:05.322000-07:00",0.9999429600914,108752231346.68834
"2021-04-11 02:35:04.706000-07:00",0.99999897922509,108662699271.08829
"2021-04-11 02:40:05.139000-07:00",1.00000625320511,108563208349.08974
"2021-04-11 02:45:04.500000-07:00",1.00007408789436,108696356685.75368
"2021-04-11 02:50:04.383000-07:00",1.00007841613963,108828341940.1163
"2021-04-11 02:55:04.299000-07:00",1.00011879086343,108888757106.96637
"2021-04-11 03:00:08.972000-07:00",1.00003593828231,108950833272.47934
"2021-04-11 03:05:04.765000-07:00",1.00009323564689,108963358623.75256
"2021-04-11 03:10:04.984000-07:00",1.00015594350697,108940258947.45422
"2021-04-11 03:15:04.441000-07:00",1.00008109642961,108672866748.69017
"2021-04-11 03:20:05.117000-07:00",1.00005764369911,108788700515.43423
"2021-04-11 03:25:04.302000-07:00",0.99995224330114,108780952761.40468
"2021-04-11 03:30:05.208000-07:00",0.99990579895224,108978454142.43175
"2021-04-11 03:35:04.354000-07:00",0.99993163126053,109015243343.62878
"2021-04-11 03:40:06.229000-07:00",1.00008433354969,109136542264.9704
"2021-04-11 03:45:05.639000-07:00",0.99993492051738,109149529703.77672
"2021-04-11 03:50:03.830000-07:00",1.00020652030902,108999727946.49576
"2021-04-11 03:55:04.198000-07:00",1.00010746062746,108955691477.08116
"2021-04-11 04:00:17.473000-07:00",1.00025805671198,109039768067.74564
"2021-04-11 04:05:04.600000-07:00",1.00018049465681,109225857722.33229
"2021-04-11 04:10:05.256000-07:00",1.00008235605297,109476645504.51314
"2021-04-11 04:15:07.893000-07:00",1.00024244598849,109388656591.87491
"2021-04-11 04:20:04.379000-07:00",1.00032284938143,109313383665.40526
"2021-04-11 04:25:04.261000-07:00",1.00035004455648,109679208033.35966
"2021-04-11 04:30:07.606000-07:00",1.00032918532477,109757001211.1463
"2021-04-11 04:35:04.860000-07:00",1.00024859245193,109910190688.9378
"2021-04-11 04:40:04.732000-07:00",1.00012141402599,110106822358.11182
"2021-04-11 04:45:05.194000-07:00",1.00019738362098,110172849293.37294
"2021-04-11 04:50:05.628000-07:00",1.00013970637403,109811743023.01323
"2021-04-11 04:55:03.637000-07:00",1.00023785642111,109856034810.34059
"2021-04-11 05:00:21.343000-07:00",1.00027456667129,109968229186.29474
"2021-04-11 05:05:05.180000-07:00",1.00020007914277,109701038977.58542
"2021-04-11 05:10:04.164000-07:00",1.00015032865976,109686838025.72932
"2021-04-11 05:15:05.080000-07:00",0.99984051625796,109601422172.38158
"2021-04-11 05:20:05.022000-07:00",0.99972879156879,109695394936.11887
"2021-04-11 05:25:04.300000-07:00",0.99977685449014,109758427296.80095
"2021-04-11 05:30:08.876000-07:00",0.99966234574046,109966602707.04916
"2021-04-11 05:35:04.806000-07:00",0.99957045799985,110291879848.87733
"2021-04-11 05:40:05.568000-07:00",0.99967847506211,110612169004.45859
"2021-04-11 05:45:06.675000-07:00",0.99952126912812,110743316246.43008
"2021-04-11 05:50:04.148000-07:00",0.99972291508144,110569611269.69858
"2021-04-11 05:55:04.206000-07:00",0.99967236697603,110332673917.95947
"2021-04-11 06:00:05.381000-07:00",0.99961636286869,109887029098.41391
"2021-04-11 06:05:05.806000-07:00",0.99954067820735,109764557937.5213
"2021-04-11 06:10:06.950000-07:00",0.99954909001719,109505576216.0985
"2021-04-11 06:15:04.312000-07:00",0.99957035369703,109322660779.90108
"2021-04-11 06:20:06.048000-07:00",0.99963489451983,109312014242.74394
"2021-04-11 06:25:04.184000-07:00",0.99966485623654,109186465436.64902
"2021-04-11 06:30:05.434000-07:00",0.99961113249341,108933911396.46974
"2021-04-11 06:35:04.088000-07:00",0.99946874250476,108509353887.77759
"2021-04-11 06:40:10.410000-07:00",0.99934151903566,108655870300.21977
"2021-04-11 06:45:03.499000-07:00",0.99939934985972,108773717668.72418
"2021-04-11 06:50:04.483000-07:00",0.9994506795249,108818641388.79234
"2021-04-11 06:55:03.470000-07:00",0.99921899487937,108765256155.34692
"2021-04-11 07:00:08.137000-07:00",0.99927226194329,108759739011.72041
"2021-04-11 07:05:04.118000-07:00",0.99928541366095,108640884218.39311
"2021-04-11 07:10:05.064000-07:00",0.99951338666945,108875121125.8513
"2021-04-11 07:15:04.435000-07:00",0.99945628803502,108996794257.39697
"2021-04-11 07:20:04.644000-07:00",0.99953838617738,108921192264.86015
"2021-04-11 07:25:03.543000-07:00",0.99953053373787,109108823982.87663
"2021-04-11 07:30:04.119000-07:00",0.99953097088886,109265740011.8496
"2021-04-11 07:35:04.565000-07:00",0.99946625644602,109340105579.17218
"2021-04-11 07:40:05.754000-07:00",0.99934682944419,109512047510.97491
"2021-04-11 07:45:04.044000-07:00",0.99941504428219,109520236144.73259
"2021-04-11 07:50:04.819000-07:00",0.99946990724899,109563922110.60214
"2021-04-11 07:55:06.003000-07:00",0.99961770371572,109655230772.29434
"2021-04-11 08:00:06.531000-07:00",0.99943742251405,109603081822.97557
"2021-04-11 08:05:04.398000-07:00",0.99969383501296,109531065108.84332
"2021-04-11 08:10:03.609000-07:00",0.99986412509704,109720881270.75923
"2021-04-11 08:15:04.080000-07:00",1.00008462621439,109757345905.74123
"2021-04-11 08:20:05.647000-07:00",1.00077442112565,109763749809.45102
"2021-04-11 08:25:03.547000-07:00",1.00136537542139,109606356425.81258
"2021-04-11 08:30:07.631000-07:00",1.00151295872683,109493389890.7644
"2021-04-11 08:35:03.881000-07:00",1.00170696330342,109448711568.01585
"2021-04-11 08:40:04.412000-07:00",1.0015957665713,109469026278.98616
"2021-04-11 08:45:05.776000-07:00",1.00149270058279,109353954980.82002
"2021-04-11 08:50:04.158000-07:00",1.00144132174529,109336121363.2736
"2021-04-11 08:55:04.190000-07:00",1.00124689770741,109468361668.19533
"2021-04-11 09:00:13.320000-07:00",1.0007320160638,109361358379.91864
"2021-04-11 09:05:03.522000-07:00",1.00059627553755,108842216922.8517
"2021-04-11 09:10:04.050000-07:00",1.0007949878973,108178071278.74352
"2021-04-11 09:15:04.642000-07:00",1.00066991054201,108136697746.62659
"2021-04-11 09:20:03.462000-07:00",1.00060839655278,107794792046.28061
"2021-04-11 09:25:04.998000-07:00",1.00058319650817,107456766960.08418
"2021-04-11 09:30:13.009000-07:00",1.00040735064414,107524576654.19733
"2021-04-11 09:35:04.335000-07:00",1.00049992981099,107344718996.25258
"2021-04-11 09:40:05.218000-07:00",1.00101736903817,107284489288.3973
"2021-04-11 09:45:05.189000-07:00",1.00110614964755,107110583358.71886
"2021-04-11 09:50:04.508000-07:00",1.00137881276943,107000954922.76675
"2021-04-11 09:55:07.361000-07:00",1.00166680237775,106721575520.20049
"2021-04-11 10:00:06.244000-07:00",1.00213559234489,106536209446.015
"2021-04-11 10:05:05.485000-07:00",1.00225127943534,106158984683.56151
"2021-04-11 10:10:06.461000-07:00",1.0021217827028,106133013873.04778
"2021-04-11 10:15:04.045000-07:00",1.00220228570846,105898012456.91562
"2021-04-11 10:20:06.040000-07:00",1.00167221626568,105721583443.74736
"2021-04-11 10:25:04.094000-07:00",1.00240687600392,105526547967.47487
"2021-04-11 10:30:08.969000-07:00",1.00237498276491,105501599745.83191
"2021-04-11 10:35:04.315000-07:00",1.00225264738623,105500506808.8256
"2021-04-11 10:40:05.262000-07:00",1.00216010230832,105523733459.03058
"2021-04-11 10:45:04.549000-07:00",1.00226727848264,105422408945.0755
"2021-04-11 10:50:03.897000-07:00",1.00222290643656,104926554292.27512
"2021-04-11 10:55:09.408000-07:00",1.00206677202027,104868494382.36194
"2021-04-11 11:00:07.841000-07:00",1.00214512346368,104819119305.34564
"2021-04-11 11:05:04.627000-07:00",1.0020100122834,104685992696.76717
"2021-04-11 11:10:03.960000-07:00",1.00198847553964,104676723465.5803
"2021-04-11 11:15:03.896000-07:00",1.0016660355151,104223721936.8811
"2021-04-11 11:20:04.883000-07:00",1.00157607911315,104002608343.80617
"2021-04-11 11:25:04.200000-07:00",1.0013378905426,103786182029.91573
"2021-04-11 11:30:15.773000-07:00",1.00140701635992,103741704246.9647
"2021-04-11 11:35:04.122000-07:00",1.00183455581809,103693769850.58804
"2021-04-11 11:40:07.129000-07:00",1.00219096666164,103705164369.12335
"2021-04-11 11:45:04.112000-07:00",1.00245245495622,103511972141.53473
"2021-04-11 11:50:03.766000-07:00",1.00229184825429,103536514159.4378
"2021-04-11 11:55:09.292000-07:00",1.00233496932641,103480016138.73041
"2021-04-11 12:00:17.135000-07:00",1.00233945384264,103475417674.78064
"2021-04-11 12:05:03.883000-07:00",1.0022348052033,103274988935.96518
"2021-04-11 12:10:05.035000-07:00",1.00210654160221,103128836329.42645
"2021-04-11 12:15:04.730000-07:00",1.0007207806843,103069743652.06543
"2021-04-11 12:20:08.030000-07:00",0.9999766873005,103058083166.68896
"2021-04-11 12:25:05.021000-07:00",1.0001232221358,103143623828.596
"2021-04-11 12:30:07.360000-07:00",1.00027498447181,102972174573.94754
"2021-04-11 12:35:05.152000-07:00",1.00046428724542,103051593914.39497
"2021-04-11 12:40:04.558000-07:00",1.00084382006016,103091532795.94504
"2021-04-11 12:45:03.548000-07:00",1.00084769389665,103308348087.76157
"2021-04-11 12:50:05.207000-07:00",1.00090347727021,103187259386.88564
"2021-04-11 12:55:04.104000-07:00",1.00075172984085,103425980382.45793
"2021-04-11 13:00:04.844000-07:00",1.00099108121374,103480422911.39824
"2021-04-11 13:05:04.517000-07:00",1.00099942886005,103225758209.34496
"2021-04-11 13:10:03.540000-07:00",1.0012281573425,103271831443.12967
"2021-04-11 13:15:04.062000-07:00",1.00143659625157,103219345437.09674
"2021-04-11 13:20:04.279000-07:00",1.00155756945951,103144280617.28423
"2021-04-11 13:25:03.652000-07:00",1.00141680543471,103077957036.4423
"2021-04-11 13:30:08.972000-07:00",1.00145613051051,102909353396.012
"2021-04-11 13:35:04.133000-07:00",1.00148796581163,102820487068.22643
"2021-04-11 13:40:06.041000-07:00",1.00155059524314,102739239098.85625
"2021-04-11 13:45:04.914000-07:00",1.00153954645647,102705165271.2623
"2021-04-11 13:50:04.846000-07:00",1.00170202926677,102548442238.71086
"2021-04-11 13:55:04.214000-07:00",1.00169712432048,102115749309.69269
"2021-04-11 14:00:08.038000-07:00",1.00169350389155,101458203939.88618
"2021-04-11 14:05:04.042000-07:00",1.0018277413667,101062683018.47655
"2021-04-11 14:10:04.623000-07:00",1.00206719897702,100802391878.1081
"2021-04-11 14:15:04.959000-07:00",1.00196948651273,100648257755.22243
"2021-04-11 14:20:04.082000-07:00",1.00206422318941,100597937076.5604
"2021-04-11 14:25:04.112000-07:00",1.0022136779376,100641917971.84373
"2021-04-11 14:30:06.156000-07:00",1.00218118502368,100506219867.18549
"2021-04-11 14:35:04.305000-07:00",1.00206783913582,100294712502.32869
"2021-04-11 14:40:05.218000-07:00",1.00195318463506,100295493870.72507
"2021-04-11 14:45:04.425000-07:00",1.00205207335664,100324382345.85034
"2021-04-11 14:50:06.784000-07:00",1.00215463386934,100243286356.63885
"2021-04-11 14:55:04.198000-07:00",1.0021275452903,100113033758.89265
"2021-04-11 15:00:12.270000-07:00",1.00223076198583,100097196794.85088
"2021-04-11 15:05:05.630000-07:00",1.0023562056422,99993637860.71983
"2021-04-11 15:10:04.013000-07:00",1.00250625006035,99796487723.28944
"2021-04-11 15:15:06.935000-07:00",1.00235578316081,99934279477.5164
"2021-04-11 15:20:05.008000-07:00",1.00196556800883,99893877083.0017
"2021-04-11 15:25:04.213000-07:00",1.0020000325332,99987272337.95995
"2021-04-11 15:30:07.790000-07:00",1.00204243591629,100336945919.21773
"2021-04-11 15:35:04.099000-07:00",1.00205279590669,100337629533.48708
"2021-04-11 15:40:04.412000-07:00",1.00204724374564,100414581524.96527
"2021-04-11 15:45:03.480000-07:00",1.00203297433262,100467400181.84972
"2021-04-11 15:50:03.605000-07:00",1.00195476759682,100508158136.0967
"2021-04-11 15:55:03.673000-07:00",1.00198794593464,100697237496.01009
"2021-04-11 16:00:05.238000-07:00",1.00187874941173,100783516723.12636
"2021-04-11 16:05:04.438000-07:00",1.00187618016663,100777677246.55637
"2021-04-11 16:10:04.605000-07:00",1.00188557054521,100651535246.30647
"2021-04-11 16:15:04.427000-07:00",1.00196007210182,100595607312.2692
"2021-04-11 16:20:03.972000-07:00",1.00185721397277,100534330352.58626
"2021-04-11 16:25:04.336000-07:00",1.00168254086438,100486912877.10245
"2021-04-11 16:30:06.258000-07:00",1.00188831655719,100390198516.80745
"2021-04-11 16:35:04.175000-07:00",1.00195039704052,100343734731.37474
"2021-04-11 16:40:04.354000-07:00",1.00199903207053,100235658142.46597
"2021-04-11 16:45:04.495000-07:00",1.00170678876092,100316097733.33823
"2021-04-11 16:50:04.829000-07:00",1.00192019318546,100257584654.61688
"2021-04-11 16:55:04.339000-07:00",1.00223685904578,100303569130.26578
"2021-04-11 17:00:04.806000-07:00",1.00229691097914,100268398150.15854
"2021-04-11 17:05:05.085000-07:00",1.00180526718077,100331343902.17203
"2021-04-11 17:10:05.469000-07:00",1.00163653564465,100184061482.59744
"2021-04-11 17:15:04.518000-07:00",1.00158835356055,99930062084.49995
"2021-04-11 17:20:04.727000-07:00",1.00143604061312,99791603629.13763
"2021-04-11 17:25:04.184000-07:00",1.00156137806272,99477320822.10075
"2021-04-11 17:30:05.938000-07:00",1.00154147383182,99296958107.95642
"2021-04-11 17:35:08.937000-07:00",1.00168559634059,99225175923.0577
"2021-04-11 17:40:03.942000-07:00",1.0015365686121,99178241337.28075
"2021-04-11 17:45:04.181000-07:00",1.00156070891542,98953380326.33763
"2021-04-11 17:50:04.511000-07:00",1.00165381901276,98805632454.75616
"2021-04-11 17:55:03.766000-07:00",1.00155501242036,98655745161.20224
"2021-04-11 18:00:07.382000-07:00",1.00153734929868,98575639956.0634
"2021-04-11 18:05:04.431000-07:00",1.00141799292559,98373679129.00243
"2021-04-11 18:10:04.811000-07:00",1.00127524894137,98279850787.50009
"2021-04-11 18:15:04.328000-07:00",1.00109907814823,98237074201.0245
"2021-04-11 18:20:05.051000-07:00",1.00092457497341,98299714761.93597
"2021-04-11 18:25:04.028000-07:00",1.00081366344721,98372233145.8233
"2021-04-11 18:30:05.467000-07:00",1.0006404748921,98339507199.15187
"2021-04-11 18:35:03.875000-07:00",1.00038930915022,98272677565.1479
"2021-04-11 18:40:04.249000-07:00",1.00046025706203,98168596215.90265
"2021-04-11 18:45:04.196000-07:00",1.00019368081156,97973962244.15741
"2021-04-11 18:50:05.113000-07:00",1.00049997392063,97910698732.51709
"2021-04-11 18:55:04.230000-07:00",1.0002334891145,97996131863.15436
"2021-04-11 19:00:11.926000-07:00",1.00022032126746,97831641706.3355
"2021-04-11 19:05:03.944000-07:00",1.00023282602575,97603710653.40965
"2021-04-11 19:10:04.479000-07:00",1.00015210533735,97483979555.94037
"2021-04-11 19:15:04.348000-07:00",1.0002562659386,97348502749.94032
"2021-04-11 19:20:04.228000-07:00",1.00010539683211,97348564745.25943
"2021-04-11 19:25:04.010000-07:00",0.9999504259559,97207283749.58435
"2021-04-11 19:30:04.489000-07:00",0.99992559516085,97284309214.60892
"2021-04-11 19:35:03.590000-07:00",0.99988511267829,97276537200.13466
"2021-04-11 19:40:03.666000-07:00",0.99969661585466,97217018615.21132
"2021-04-11 19:45:03.618000-07:00",0.99973288717462,97185142526.61313
"2021-04-11 19:50:03.843000-07:00",0.99969128573398,97130789745.3518
"2021-04-11 19:55:03.719000-07:00",0.99990556978484,97132847716.63834
"2021-04-11 20:00:05.288000-07:00",0.99989215236625,97136571331.55751
"2021-04-11 20:05:04.408000-07:00",0.99996591707608,97106494839.62607
"2021-04-11 20:10:03.490000-07:00",1.00004583563415,96999117162.78796
"2021-04-11 20:15:05.107000-07:00",1.00009681784592,97010525310.90779
"2021-04-11 20:20:04.619000-07:00",1.00019408262587,96943677727.76546
"2021-04-11 20:25:04.061000-07:00",1.0001058280189,96933411872.22598
"2021-04-11 20:30:04.552000-07:00",0.99996525881573,97027810652.35457
"2021-04-11 20:35:03.569000-07:00",0.9997703082583,97175877448.66478
"2021-04-11 20:40:04.602000-07:00",0.99980320152018,97223586353.25311
"2021-04-11 20:45:03.818000-07:00",0.99970010965127,97406970398.69736
"2021-04-11 20:50:03.665000-07:00",0.99959296025895,97561334387.04584
"2021-04-11 20:55:03.831000-07:00",0.99941592867276,97706798637.22879
"2021-04-11 21:00:08.594000-07:00",0.99946815813558,97833759868.89995
"2021-04-11 21:05:04.209000-07:00",0.99934496487722,97768449062.36911
"2021-04-11 21:10:03.747000-07:00",0.99930818614719,97727772749.20288
"2021-04-11 21:15:03.979000-07:00",0.99926820887009,97928699927.65575
"2021-04-11 21:20:04.247000-07:00",0.99921997423668,98017222873.93835
"2021-04-11 21:25:04.399000-07:00",0.99916915176701,98036927309.16243
"2021-04-11 21:30:05.586000-07:00",0.99920499205656,98061420134.69368
"2021-04-11 21:35:03.626000-07:00",0.9993586482798,98040062441.77965
"2021-04-11 21:40:04.241000-07:00",0.99919015972462,98158320486.32047
"2021-04-11 21:45:04.019000-07:00",0.99940205798431,98332968030.91629
"2021-04-11 21:50:04.575000-07:00",0.99921411119317,98236025499.30061
"2021-04-11 21:55:03.791000-07:00",0.99904866278568,98180129592.25963
"2021-04-11 22:00:07.982000-07:00",0.99914695196251,98227641134.57883
"2021-04-11 22:05:04.128000-07:00",0.99921843516223,98072259936.47572
"2021-04-11 22:10:05.763000-07:00",0.99918678618614,97951980926.78091
"2021-04-11 22:15:06.631000-07:00",0.99917970270704,98015805207.703
"2021-04-11 22:20:04.605000-07:00",0.99906706229263,97924261472.4801
"2021-04-11 22:25:03.630000-07:00",0.99911372165125,97879810233.11613
"2021-04-11 22:30:06.568000-07:00",0.99917247572247,97849180584.6725
"2021-04-11 22:35:03.821000-07:00",0.99912702355043,97716806682.18219
"2021-04-11 22:40:04.644000-07:00",0.99906693164768,96814932983.19795
"2021-04-11 22:45:05.646000-07:00",0.99906571052675,96709388562.93651
"2021-04-11 22:50:04.493000-07:00",0.99928039953122,96611418942.40051
"2021-04-11 22:55:03.391000-07:00",0.9993551776182,96550985970.38602
"2021-04-11 23:00:09.853000-07:00",0.99939562886472,96448444725.44324
"2021-04-11 23:05:04.219000-07:00",0.99955516768208,96255907542.71863
"2021-04-11 23:10:06.318000-07:00",0.99957676950778,96866586127.7207
"2021-04-11 23:15:09.845000-07:00",0.99969299343953,96743054432.90227
"2021-04-11 23:20:05.316000-07:00",0.99990219452571,96622622692.30147
"2021-04-11 23:25:04.901000-07:00",0.99989427587332,96747870668.68767
"2021-04-11 23:30:07.944000-07:00",0.9998867809531,96740685006.7244
"2021-04-11 23:35:04.407000-07:00",0.9998046932342,96658946251.2312
"2021-04-11 23:40:05.083000-07:00",0.99983028947657,96398238724.48012
"2021-04-11 23:45:04.122000-07:00",0.99980361421253,96349278397.70609
"2021-04-11 23:50:05.921000-07:00",1.0000929376843,96273320023.08696
"2021-04-11 23:55:03.399000-07:00",1.00016126921853,96357120589.77402
"2021-04-12 00:00:19.183000-07:00",0.99994715789581,96693689052.60695
"2021-04-12 00:05:06.218000-07:00",0.99972454711437,96738685433.73465
"2021-04-12 00:10:05.178000-07:00",0.99955981965049,96787131986.65758
"2021-04-12 00:15:06.538000-07:00",0.99955074837143,96882410403.42924
"2021-04-12 00:20:06.194000-07:00",0.99970495658058,96883459093.426
"2021-04-12 00:25:05.572000-07:00",0.99991828942367,97120159686.11862
"2021-04-12 00:30:05.118000-07:00",1.00003595085344,97361717816.51166
"2021-04-12 00:35:04.364000-07:00",0.99995278273632,97646047099.95956
"2021-04-12 00:40:07.458000-07:00",0.9997493956865,98058908035.24734
"2021-04-12 00:45:10.684000-07:00",0.99975212803406,98486840761.80522
"2021-04-12 00:50:08.974000-07:00",0.99976978787756,98714239395.46266
"2021-04-12 00:55:06.165000-07:00",0.99968153939483,98879288440.79308
"2021-04-12 01:00:10.625000-07:00",0.99987481244695,98947124724.48611
"2021-04-12 01:05:07.237000-07:00",0.99982760055766,98909915524.19756
"2021-04-12 01:10:06.616000-07:00",0.99999282098996,98938842173.88759
"2021-04-12 01:15:06.863000-07:00",1.00039838247794,99071021583.74382
"2021-04-12 01:20:04.304000-07:00",1.00055146843868,99126164215.29645
"2021-04-12 01:25:06.495000-07:00",1.00087354220869,99117687492.87038
"2021-04-12 01:30:05.732000-07:00",1.00095190759503,99155206815.367
"2021-04-12 01:35:03.773000-07:00",1.00096372509074,99186771224.8802
"2021-04-12 01:40:06.897000-07:00",1.00093143493099,99246411796.24608
"2021-04-12 01:45:04.987000-07:00",1.00128481967178,99336446633.87202
"2021-04-12 01:50:07.079000-07:00",1.00086885158126,99296621504.42589
"2021-04-12 01:55:04.312000-07:00",1.00086720414767,99378885542.24762
"2021-04-12 02:00:25.776000-07:00",1.00084163177757,99562928910.89171
"2021-04-12 02:05:04.010000-07:00",1.00103397981684,99630731286.99692
"2021-04-12 02:10:05.290000-07:00",1.00123828623779,99616741247.5217
"2021-04-12 02:15:04.904000-07:00",1.00131489833811,99746932602.38228
"2021-04-12 02:20:10.320000-07:00",1.00127434564464,99778944830.39105
"2021-04-12 02:25:03.981000-07:00",1.00125575955176,99996238379.54648
"2021-04-12 02:30:04.775000-07:00",1.00147346899749,100159114418.17546
"2021-04-12 02:35:05.058000-07:00",1.00131504046496,100338516421.07188
"2021-04-12 02:40:05.987000-07:00",1.00133848413964,100152962152.39323
"2021-04-12 02:45:07.614000-07:00",1.00113823866714,100324719337.24141
"2021-04-12 02:50:06.567000-07:00",1.0010938293236,100533763915.8848
"2021-04-12 02:55:03.887000-07:00",1.00104560194729,100898793673.76308
"2021-04-12 03:00:06.335000-07:00",1.00108765546204,100944527549.3667
"2021-04-12 03:05:10.769000-07:00",1.00069909486967,101886489906.4207
"2021-04-12 03:10:06.024000-07:00",1.00076760578895,102638736253.10735
"2021-04-12 03:15:05.903000-07:00",1.00085582373561,102870513667.68527
"2021-04-12 03:20:05.009000-07:00",1.0007244872051,102855026114.12881
"2021-04-12 03:25:03.878000-07:00",1.00063121146788,103105410641.82758
"2021-04-12 03:30:04.241000-07:00",1.00078764948588,103184701561.91563
"2021-04-12 03:35:04.228000-07:00",1.00086279613876,103214806473.1414
"2021-04-12 03:40:06.335000-07:00",1.00076487605426,103156948207.74237
"2021-04-12 03:45:05.262000-07:00",1.00096134323337,103639219675.9553
"2021-04-12 03:50:06.731000-07:00",1.00079777105524,104003153943.19797
"2021-04-12 03:55:03.752000-07:00",1.0010408370113,104425788026.4429
"2021-04-12 04:00:10.454000-07:00",1.00109629501584,104727365145.153
"2021-04-12 04:05:04.622000-07:00",1.00099364467771,104758271722.79318
"2021-04-12 04:10:04.769000-07:00",1.00104613034322,104869375201.50563
"2021-04-12 04:15:05.120000-07:00",1.00128451086254,104999162845.63062
"2021-04-12 04:20:04.952000-07:00",1.0014887314223,105192061307.83295
"2021-04-12 04:25:04.772000-07:00",1.00171372448346,105273115406.53085
"2021-04-12 04:30:05.671000-07:00",1.00185679809472,105163160640.57076
"2021-04-12 04:35:03.853000-07:00",1.00187482064038,105162176937.6697
"2021-04-12 04:40:05.025000-07:00",1.0020796303936,105630617164.32373
"2021-04-12 04:45:04.286000-07:00",1.00212274008755,105701741518.49677
"2021-04-12 04:50:04.608000-07:00",1.00211979836121,105796928696.3551
"2021-04-12 04:55:04.536000-07:00",1.00218280996141,105832673674.98412
"2021-04-12 05:00:09.618000-07:00",1.00219935574147,105984694806.2208
"2021-04-12 05:05:03.857000-07:00",1.00215379988891,105873261846.52055
"2021-04-12 05:10:06.160000-07:00",1.00189994748848,105808885400.948
"2021-04-12 05:15:04.157000-07:00",1.00210112667864,105740866528.60521
"2021-04-12 05:20:06.329000-07:00",1.0021287105945,105599582564.73431
"2021-04-12 05:25:04.035000-07:00",1.00184270652323,105346814140.26031
"2021-04-12 05:30:10.320000-07:00",1.00188689048102,105029634033.00201
"2021-04-12 05:35:05.493000-07:00",1.00186735098397,104965074370.22134
"2021-04-12 05:40:04.472000-07:00",1.00185146833949,105068431176.322
"2021-04-12 05:45:05.298000-07:00",1.00173334571259,105070860553.90512
"2021-04-12 05:50:04.758000-07:00",1.00144285488958,105111266984.17702
"2021-04-12 05:55:03.908000-07:00",1.00163487482894,104969063569.65268
"2021-04-12 06:00:13.043000-07:00",1.00143494279839,105135832782.17822
"2021-04-12 06:05:07.480000-07:00",1.00128930182836,104969884258.94194
"2021-04-12 06:10:05.857000-07:00",1.00107115258942,104822120109.11708
"2021-04-12 06:15:04.645000-07:00",1.00112652932536,104675254068.18607
"2021-04-12 06:20:06.163000-07:00",1.00160916299129,104775234372.84851
"2021-04-12 06:25:04.671000-07:00",1.00204478964193,104828220918.41208
"2021-04-12 06:30:04.888000-07:00",1.00183102860252,104741034664.47772
"2021-04-12 06:35:04.259000-07:00",1.0016473298181,104606218536.56206
"2021-04-12 06:40:04.559000-07:00",1.00142835787287,104183347583.66724
"2021-04-12 06:45:03.649000-07:00",1.00140738907915,104222714935.67537
"2021-04-12 06:50:04.215000-07:00",1.00148760930768,104292506289.24039
"2021-04-12 06:55:04.623000-07:00",1.00154236880209,104136350759.09549
"2021-04-12 07:00:06.530000-07:00",1.00169728534932,104067277297.40674
"2021-04-12 07:05:04.332000-07:00",1.00190399646868,104001601725.94212
"2021-04-12 07:10:03.451000-07:00",1.0017608568011,103938480033.03993
"2021-04-12 07:15:04.339000-07:00",1.00179733330715,104090948403.98624
"2021-04-12 07:20:04.017000-07:00",1.00198728363112,103987289152.26758
"2021-04-12 07:25:04.387000-07:00",1.00199452501679,104306201907.92703
"2021-04-12 07:30:04.822000-07:00",1.0020465850336,104407499276.99799
"2021-04-12 07:35:03.845000-07:00",1.00161744806764,104309904343.5073
"2021-04-12 07:40:06.162000-07:00",1.00153279485457,104168636156.40952
"2021-04-12 07:45:05.526000-07:00",1.00146242463841,104094684077.75816
"2021-04-12 07:50:03.907000-07:00",1.00149001817357,104216822772.94014
"2021-04-12 07:55:04.313000-07:00",1.00149000295304,104394368854.16147
"2021-04-12 08:00:06.477000-07:00",1.00128410367771,104358766891.58717
"2021-04-12 08:05:04.810000-07:00",1.0011141894606,104362908519.50653
"2021-04-12 08:10:05.237000-07:00",1.00111332073587,104335593665.09602
"2021-04-12 08:15:07.643000-07:00",1.00095938380835,104279659770.45618
"2021-04-12 08:20:06.090000-07:00",1.00103884412513,104659108413.89066
"2021-04-12 08:25:04.899000-07:00",1.00083918109859,105042619851.53252
"2021-04-12 08:30:04.826000-07:00",1.00091961486282,105110133425.60239
"2021-04-12 08:35:05.188000-07:00",1.00094896152239,104999657931.3086
"2021-04-12 08:40:05.452000-07:00",1.00111662740941,105157433842.9328
"2021-04-12 08:45:04.059000-07:00",1.00098456449173,105411671435.23463
"2021-04-12 08:50:04.220000-07:00",1.00117890258764,105591753166.87004
"2021-04-12 08:55:04.457000-07:00",1.00118251833267,105579621345.9721
"2021-04-12 09:00:03.909000-07:00",1.00126298064069,105562382983.26271
"2021-04-12 09:05:04.075000-07:00",1.00109279454959,105025767403.07079
"2021-04-12 09:10:05.650000-07:00",1.00116313364179,104912496080.1413
"2021-04-12 09:15:03.590000-07:00",1.00090961784243,105254300924.1041
"2021-04-12 09:20:05.907000-07:00",1.00107200739362,105463108584.2257
"2021-04-12 09:25:04.485000-07:00",1.00090755229975,105753244955.24799
"2021-04-12 09:30:11.745000-07:00",1.0009420686066,105838318495.55852
"2021-04-12 09:35:04.770000-07:00",1.00094307502304,105930866091.64734
"2021-04-12 09:40:04.399000-07:00",1.00103700180082,106216557474.38878
"2021-04-12 09:45:04.607000-07:00",1.0010790217886,106223093051.85213
"2021-04-12 09:50:05.445000-07:00",1.00100068932348,106052668437.1891
"2021-04-12 09:55:04-07:00",1.00095690459209,106049755702.72977
"2021-04-12 10:00:14.500000-07:00",1.00087123220076,105945452519.99713
"2021-04-12 10:05:07.026000-07:00",1.00082058655026,105686365384.33134
"2021-04-12 10:10:04.666000-07:00",1.00076529791945,105635172610.66393
"2021-04-12 10:15:04.101000-07:00",1.00080199196396,105727462515.69307
"2021-04-12 10:20:05.316000-07:00",1.00083726298349,105722614435.30482
"2021-04-12 10:25:04.115000-07:00",1.0011569044697,105780514893.26183
"2021-04-12 10:30:10.096000-07:00",1.0011477912347,105862969339.42717
"2021-04-12 10:35:04.204000-07:00",1.00133263283633,105758028188.45284
"2021-04-12 10:40:05.123000-07:00",1.00123898147762,105645177234.73938
"2021-04-12 10:45:06.028000-07:00",1.0012249849895,105688915904.57454
"2021-04-12 10:50:05.099000-07:00",1.00130330492626,105630690401.33914
"2021-04-12 10:55:04.715000-07:00",1.00133025233982,105718342613.90352
"2021-04-12 11:00:19.216000-07:00",1.00124868033964,105664059070.65894
"2021-04-12 11:05:05.818000-07:00",1.00114369744413,105491286769.71072
"2021-04-12 11:10:04.652000-07:00",1.00117716349509,105468747869.96597
"2021-04-12 11:15:03.864000-07:00",1.00088602225824,105551706882.66724
"2021-04-12 11:20:05.150000-07:00",1.00096915107442,105469803149.98653
"2021-04-12 11:25:05.499000-07:00",1.00084572989454,105447660096.27771
"2021-04-12 11:30:04.472000-07:00",1.00089015257807,105285595316.80782
"2021-04-12 11:35:03.994000-07:00",1.00091457060456,105428624138.96965
"2021-04-12 11:40:04.671000-07:00",1.00105927306304,105445950635.64334
"2021-04-12 11:45:04.258000-07:00",1.00119929414474,105574441991.78963
"2021-04-12 11:50:09.549000-07:00",1.00152102561254,105706656164.57849
"2021-04-12 11:55:03.929000-07:00",1.00165447560611,105807344406.70792
"2021-04-12 12:00:28.734000-07:00",1.00148383636761,105844857066.92592
"2021-04-12 12:05:03.612000-07:00",1.00155276295185,105748501839.78377
"2021-04-12 12:10:03.692000-07:00",1.00147352187424,105821077328.89548
"2021-04-12 12:15:06.939000-07:00",1.00179900055018,105675341709.1991
"2021-04-12 12:20:06.229000-07:00",1.0018620915693,105638873950.22258
"2021-04-12 12:25:04.226000-07:00",1.00200762994955,105614836531.29634
"2021-04-12 12:30:05.428000-07:00",1.00193748907183,105665828868.40742
"2021-04-12 12:35:04.398000-07:00",1.00192866652474,105506926877.5699
"2021-04-12 12:40:04.100000-07:00",1.00183045708948,105483343608.99483
"2021-04-12 12:45:05.408000-07:00",1.00193547530848,105397725559.08566
"2021-04-12 12:50:08.788000-07:00",1.00188685434166,105300184185.1963
"2021-04-12 12:55:04.007000-07:00",1.00178258878831,105341012679.93196
"2021-04-12 13:00:08.057000-07:00",1.00139011621884,105329796233.7194
"2021-04-12 13:05:06.253000-07:00",1.00129369234023,105297832817.72171
"2021-04-12 13:10:03.457000-07:00",1.00135014935675,105224818520.91582
"2021-04-12 13:15:03.964000-07:00",1.0012302477111,105192541430.49547
"2021-04-12 13:20:10.917000-07:00",1.00106914179766,105358149639.91966
"2021-04-12 13:25:04.027000-07:00",1.00107296476196,105579523542.26895
"2021-04-12 13:30:10.739000-07:00",1.00107581324636,105477470497.39862
"2021-04-12 13:35:04.303000-07:00",1.00112604084175,105512720411.33974
"2021-04-12 13:40:09.461000-07:00",1.00109313037271,105755293332.94121
"2021-04-12 13:45:08.107000-07:00",1.00107937814192,106314954884.21738
"2021-04-12 13:50:06.569000-07:00",1.00098175846369,106245295779.69902
"2021-04-12 13:55:03.644000-07:00",1.00091805637012,106311239983.65633
"2021-04-12 14:00:10.725000-07:00",1.00095901897633,106450208265.00146
"2021-04-12 14:05:03.797000-07:00",1.00092229557792,106331635285.58228
"2021-04-12 14:10:03.857000-07:00",1.00111139332364,106250949222.5093
"2021-04-12 14:15:04.672000-07:00",1.00121662790632,106340726230.72987
"2021-04-12 14:20:05.253000-07:00",1.00101851313282,106296113561.43286
"2021-04-12 14:25:04.267000-07:00",1.00131905065506,106173232030.63629
"2021-04-12 14:30:04.422000-07:00",1.00128214064488,106295219973.98119
"2021-04-12 14:35:03.641000-07:00",1.00145674178369,106361841042.13632
"2021-04-12 14:40:04.060000-07:00",1.00134507709207,106421137174.14648
"2021-04-12 14:45:04.264000-07:00",1.00121919755349,106485624736.36003
"2021-04-12 14:50:04.845000-07:00",1.00093058934882,106427775446.97227
"2021-04-12 14:55:03.928000-07:00",1.0008827615147,106511329592.94943
"2021-04-12 15:00:06.189000-07:00",1.00084314853199,106575077080.92993
"2021-04-12 15:05:04.281000-07:00",1.00093417638213,106426178392.5809
"2021-04-12 15:10:03.857000-07:00",1.00096995638957,106253973024.65219
"2021-04-12 15:15:03.873000-07:00",1.00095963422429,106284524258.49327
"2021-04-12 15:20:05.101000-07:00",1.000978239145,106299544601.4344
"2021-04-12 15:25:04.308000-07:00",1.00086658150317,106290186030.30197
"2021-04-12 15:30:07.799000-07:00",1.00079752413335,106218552824.40413
"2021-04-12 15:35:03.772000-07:00",1.00073432500286,106136598845.85109
"2021-04-12 15:40:06.362000-07:00",1.00051824344119,106172985794.13446
"2021-04-12 15:45:09.453000-07:00",1.00032502872585,106161530882.16808
"2021-04-12 15:50:04.447000-07:00",1.00038955364552,106208164737.4901
"2021-04-12 15:55:04.401000-07:00",1.00026158431091,106235269346.71208
"2021-04-12 16:00:19.048000-07:00",1.00020549174897,105843980982.97296
"2021-04-12 16:05:04.669000-07:00",1.00028276697125,105708130188.5503
"2021-04-12 16:15:04.285000-07:00",1.00024288550417,105808988045.35509
"2021-04-12 16:20:04.732000-07:00",1.00010790766862,105403056581.01599
"2021-04-12 16:25:03.661000-07:00",0.99993686543814,106424888530.1487
"2021-04-12 16:30:11.243000-07:00",0.99983077366347,106528783340.5779
"2021-04-12 16:35:04.150000-07:00",0.99989473094043,106467650096.5196
"2021-04-12 16:40:05.314000-07:00",0.99984706487854,106562841067.19934
"2021-04-12 16:45:03.939000-07:00",0.99991281892174,106449329405.84825
"2021-04-12 16:50:05.598000-07:00",1.00002246261961,106503804013.61008
"2021-04-12 16:55:06.720000-07:00",0.99994702252573,106675512761.80263
"2021-04-12 17:00:07.187000-07:00",0.99989858766961,106745689645.50748
"2021-04-12 17:05:06.252000-07:00",0.99988399918469,106517128590.51671
"2021-04-12 17:10:03.474000-07:00",0.99977431785931,106529040205.35127
"2021-04-12 17:15:03.769000-07:00",0.9996970170015,106715676062.13792
"2021-04-12 17:20:04.918000-07:00",0.99979942448202,106637147192.84973
"2021-04-12 17:25:04.292000-07:00",0.99949851176382,106611751030.2975
"2021-04-12 17:30:09.271000-07:00",0.99972247556943,106497269638.48708
"2021-04-12 17:35:03.567000-07:00",0.99957736419094,106514829141.64978
"2021-04-12 17:40:04.527000-07:00",0.99974136692115,106386090438.24492
"2021-04-12 17:45:03.697000-07:00",0.9998413588919,106463616136.044
"2021-04-12 17:50:03.636000-07:00",0.99986949017837,106501836993.72734
"2021-04-12 17:55:03.776000-07:00",1.00007723103786,106530179829.78008
"2021-04-12 18:00:13.671000-07:00",0.99996864068169,106713797551.4802
"2021-04-12 18:05:04.053000-07:00",0.99985113814854,106664394039.40689
"2021-04-12 18:10:03.516000-07:00",0.99964527479488,106620009184.694
"2021-04-12 18:15:03.442000-07:00",0.99950503490831,106479795716.56982
"2021-04-12 18:20:04.077000-07:00",0.99953342762107,106306568850.99034
"2021-04-12 18:25:04.375000-07:00",0.99945002594408,106257704656.5991
"2021-04-12 18:30:06.096000-07:00",0.99950976329114,106382686284.94257
"2021-04-12 18:35:04.028000-07:00",0.9995042467737,106365544416.99353
"2021-04-12 18:40:05.807000-07:00",0.99944602513755,106403137506.8957
"2021-04-12 18:45:03.851000-07:00",0.99903499370686,106477129223.0599
"2021-04-12 18:50:03.813000-07:00",0.99892916768398,106515358596.91693
"2021-04-12 18:55:04.133000-07:00",0.99897235781023,106595864164.49557
"2021-04-12 19:00:06.214000-07:00",0.99912763797261,106755461892.21379
"2021-04-12 19:05:08.718000-07:00",0.99929332969195,106753480249.54092
"2021-04-12 19:10:03.884000-07:00",0.99921946631987,106755588502.65073
"2021-04-12 19:15:04.953000-07:00",0.99940918068388,106772455299.05962
"2021-04-12 19:20:04.397000-07:00",0.99923727481974,106854135940.89163
"2021-04-12 19:25:05.945000-07:00",0.99931536230164,106912945485.92102
"2021-04-12 19:30:08.198000-07:00",0.99929090697166,106892120383.33566
"2021-04-12 19:35:06.427000-07:00",0.99927572933034,106954540525.08601
"2021-04-12 19:40:04.266000-07:00",0.99906594767237,106952782666.21294
"2021-04-12 19:45:04.315000-07:00",0.99914542653769,106978276749.3985
"2021-04-12 19:50:04.310000-07:00",0.99921169538303,107042645580.60394
"2021-04-12 19:55:04.216000-07:00",0.99918852199671,106950134936.31648
"2021-04-12 20:00:10.151000-07:00",0.9993742978203,107064230113.8894
"2021-04-12 20:05:03.958000-07:00",0.99948309233098,107147025010.79352
"2021-04-12 20:10:06.050000-07:00",0.99942569317963,107127264318.17287
"2021-04-12 20:15:11.168000-07:00",0.99935656245384,107222276721.09604
"2021-04-12 20:20:04.771000-07:00",0.99930353905452,107317122028.29446
"2021-04-12 20:25:04.215000-07:00",0.99938368999333,107284554241.02782
"2021-04-12 20:30:05.360000-07:00",0.99936729447164,107171983254.74481
"2021-04-12 20:35:03.654000-07:00",0.99941981153403,107148373704.95424
"2021-04-12 20:40:08.880000-07:00",0.99941702555149,107207598677.91191
"2021-04-12 20:45:04.248000-07:00",0.99952641669327,107105186347.05391
"2021-04-12 20:50:09.718000-07:00",0.99942261516289,106857657662.97156
"2021-04-12 20:55:04.133000-07:00",0.99928181588289,106734726906.56657
"2021-04-12 21:00:07.975000-07:00",0.99941318687296,106572128783.22339
"2021-04-12 21:05:04.079000-07:00",0.99931759280531,106447200244.77196
"2021-04-12 21:10:05.359000-07:00",0.99904247091421,106313024946.39948
"2021-04-12 21:15:05.609000-07:00",0.99899289291862,106062571813.14395
"2021-04-12 21:20:04.425000-07:00",0.99915139590401,105861479865.17056
"2021-04-12 21:25:03.955000-07:00",0.99909701416738,105802305859.19037
"2021-04-12 21:30:06.476000-07:00",0.99932809800002,105778791928.9884
"2021-04-12 21:35:03.866000-07:00",0.99949326270436,105707840672.69414
"2021-04-12 21:40:03.950000-07:00",0.99950533474102,105687575949.64754
"2021-04-12 21:45:09.465000-07:00",0.99959928925405,105435231327.54523
"2021-04-12 21:50:03.838000-07:00",0.99951157931842,105480096360.88786
"2021-04-12 21:55:09.002000-07:00",0.99933846183188,105544526015.09969
"2021-04-12 22:00:08.684000-07:00",0.99939205792815,105646009922.88925
"2021-04-12 22:05:04.399000-07:00",0.99972015983548,105434027326.46188
"2021-04-12 22:10:03.793000-07:00",0.99981208338126,105311847768.37944
"2021-04-12 22:15:03.719000-07:00",0.99971778213697,105350500004.55017
"2021-04-12 22:20:03.798000-07:00",0.99979562673862,105269495716.75853
"2021-04-12 22:25:03.674000-07:00",0.99988351243465,105357478478.96169
"2021-04-12 22:30:08.357000-07:00",0.99977682445626,105272041964.86412
"2021-04-12 22:35:04.605000-07:00",0.9996601468034,105246964202.26167
"2021-04-12 22:40:05.585000-07:00",0.99955578812155,105307820644.16852
"2021-04-12 22:45:04.829000-07:00",0.99957584641807,105535952491.31009
"2021-04-12 22:50:05.307000-07:00",0.99967273364245,105791726116.09607
"2021-04-12 22:55:03.596000-07:00",0.99965650316357,105963314586.0122
"2021-04-12 23:00:11.080000-07:00",0.99979092277091,106010470096.75143
"2021-04-12 23:05:07.908000-07:00",0.99967106689611,106077593873.91068
"2021-04-12 23:10:05.788000-07:00",0.99950703000802,106327602666.0119
"2021-04-12 23:15:06.281000-07:00",0.99966329878877,106577166178.4956
"2021-04-12 23:20:06.674000-07:00",0.99985112295263,106901994713.84473
"2021-04-12 23:25:03.817000-07:00",0.99987953274373,106991650076.98203
"2021-04-12 23:30:14.828000-07:00",0.99980179761829,107358140948.90433
"2021-04-12 23:35:03.459000-07:00",0.99942803234769,107610278261.16139
"2021-04-12 23:40:05.420000-07:00",0.99932407707612,107640772451.65285
"2021-04-12 23:45:04.533000-07:00",0.99947805775891,107791629611.29262
"2021-04-12 23:50:05.461000-07:00",1.00000925316913,107750165952.69417
"2021-04-12 23:55:04.148000-07:00",1.00000930981044,108088102529.43071
"2021-04-13 00:00:10.323000-07:00",1.00042888357606,107975150212.71439
"2021-04-13 00:05:04.031000-07:00",1.00051832058786,107962579376.22986
"2021-04-13 00:10:05.182000-07:00",1.00053714670829,108353698680.42575
"2021-04-13 00:15:05.060000-07:00",1.00038953262937,108472637039.96185
"2021-04-13 00:20:08.810000-07:00",1.00055239728193,108361158889.67053
"2021-04-13 00:25:09.288000-07:00",1.00059183753734,108634950221.05331
"2021-04-13 00:30:09.499000-07:00",1.00053912128225,108651343022.07643
"2021-04-13 00:35:04.340000-07:00",1.00068731922993,108504569976.6502
"2021-04-13 00:40:05.482000-07:00",1.00095232802042,108519703965.4603
"2021-04-13 00:45:04.149000-07:00",1.00095755209943,108567529306.26569
"2021-04-13 00:50:04.629000-07:00",1.00106175927694,108639943566.01305
"2021-04-13 00:55:03.595000-07:00",1.00089101823882,108725565892.34633
"2021-04-13 01:00:18.753000-07:00",1.00083081901326,108967285901.9222
"2021-04-13 01:05:08.979000-07:00",1.0007437009057,108961688125.65738
"2021-04-13 01:10:05.366000-07:00",1.00084499203589,109100352880.54176
"2021-04-13 01:15:03.891000-07:00",1.00083291236619,109338515607.41154
"2021-04-13 01:20:04.733000-07:00",1.00074800704871,110092700714.84845
"2021-04-13 01:25:05.953000-07:00",1.00034194473327,111295623734.69704
"2021-04-13 01:30:11.296000-07:00",1.00046118881913,112088026041.80592
"2021-04-13 01:35:03.559000-07:00",1.00036946407879,112467766440.56485
"2021-04-13 01:40:06.307000-07:00",1.00046672981598,113324702700.42531
"2021-04-13 01:45:03.873000-07:00",1.00066191914449,114048238275.27998
"2021-04-13 01:50:06.186000-07:00",1.00071831959229,114522083702.94551
"2021-04-13 01:55:04.110000-07:00",1.00070242709965,115060185043.45583
"2021-04-13 02:00:06.416000-07:00",1.00068301791503,115325810814.4891
"2021-04-13 02:05:04.148000-07:00",1.00067840928436,115169528894.50092
"2021-04-13 02:10:04.285000-07:00",1.00036956774454,115321671215.09308
"2021-04-13 02:15:04.303000-07:00",1.00028684912764,115079655058.20589
"2021-04-13 02:20:04.439000-07:00",1.00018822847748,115138366976.94566
"2021-04-13 02:25:04.360000-07:00",1.00036423257245,115318148007.67953
"2021-04-13 02:30:06.534000-07:00",1.00019306060913,115498966969.69783
"2021-04-13 02:35:03.502000-07:00",1.00001047651415,115315179823.81049
"2021-04-13 02:40:04.197000-07:00",1.00005257577779,115181027282.17064
"2021-04-13 02:45:04.187000-07:00",0.99996837060265,114708564801.73753
"2021-04-13 02:50:04.761000-07:00",1.00000943581765,114346729339.20792
"2021-04-13 02:55:03.665000-07:00",0.99979775063988,114572021905.74306
"2021-04-13 03:00:21.202000-07:00",0.99979899386646,114232478330.32
"2021-04-13 03:05:06.857000-07:00",0.99984147749545,114105678339.49281
"2021-04-13 03:10:04.642000-07:00",1.0000316601731,113906086970.45691
"2021-04-13 03:15:04.059000-07:00",0.99995225315088,113984922808.54861
"2021-04-13 03:20:06.143000-07:00",0.99996293311926,114040118996.59418
"2021-04-13 03:25:04.400000-07:00",1.00011220366451,114101196111.23654
"2021-04-13 03:30:04.474000-07:00",1.00014998801238,114120887647.01718
"2021-04-13 03:35:03.519000-07:00",0.99990032004543,114302030894.41833
"2021-04-13 03:40:05.215000-07:00",1.00002090822484,114020027429.97177
"2021-04-13 03:45:04.493000-07:00",1.00023923634073,113619913205.05469
"2021-04-13 03:50:04.970000-07:00",1.00021842799832,113532897922.9891
"2021-04-13 03:55:03.872000-07:00",1.00023316041246,113578790077.8285
"2021-04-13 04:00:08.122000-07:00",1.00040183540311,113549559645.21495
"2021-04-13 04:05:05.493000-07:00",1.00037115758832,113043316878.01616
"2021-04-13 04:10:04.126000-07:00",1.00030900055162,113010940834.8073
"2021-04-13 04:15:08.123000-07:00",1.00022771567375,113008863839.1743
"2021-04-13 04:20:03.550000-07:00",1.00005776775722,112886598042.83362
"2021-04-13 04:25:04.114000-07:00",0.9999665287059,113112461207.25142
"2021-04-13 04:30:08.611000-07:00",0.99988910823133,113622689176.18898
"2021-04-13 04:35:05.127000-07:00",0.99993278932294,113630556061.324
"2021-04-13 04:40:10.859000-07:00",1.00001234339152,113916817780.76257
"2021-04-13 04:45:03.907000-07:00",1.00016054857391,114389935028.76944
"2021-04-13 04:50:07.634000-07:00",1.00019224570696,114553184964.97415
"2021-04-13 04:55:04.641000-07:00",1.00048258922893,114832157694.64809
"2021-04-13 05:00:05.011000-07:00",1.00040563434621,115123409145.115
"2021-04-13 05:05:05.670000-07:00",1.00017407536323,115045027588.15054
"2021-04-13 05:10:04.118000-07:00",1.0001485898194,115091061406.331
"2021-04-13 05:15:05.018000-07:00",0.9999656934688,115243410826.4833
"2021-04-13 05:20:05.669000-07:00",0.99985965184437,115360748056.2825
"2021-04-13 05:25:04.354000-07:00",0.99981885968669,115736603226.5455
"2021-04-13 05:30:05.757000-07:00",0.99995909361511,116040824468.22855
"2021-04-13 05:35:05.916000-07:00",0.9999757065498,116186837242.73952
"2021-04-13 05:40:04.797000-07:00",0.99999189948308,116488977451.32817
"2021-04-13 05:45:04.068000-07:00",0.99989410672147,116684674947.48862
"2021-04-13 05:50:08.042000-07:00",0.99997181867008,116654484323.08047
"2021-04-13 05:55:04.077000-07:00",0.99976911035561,116900051344.52287
"2021-04-13 06:00:12.617000-07:00",0.99992332238087,117274940123.83623
"2021-04-13 06:05:03.666000-07:00",1.00001295016055,117357397361.16232
"2021-04-13 06:10:03.895000-07:00",1.00017853233556,117572907108.0854
"2021-04-13 06:15:05.099000-07:00",1.00005303435576,117885773445.89633
"2021-04-13 06:20:05.714000-07:00",0.99999475730616,117991469215.80675
"2021-04-13 06:25:04.664000-07:00",0.99986619329202,117780591448.16444
"2021-04-13 06:30:15.955000-07:00",0.99999248060403,118043286036.21951
"2021-04-13 06:35:06.968000-07:00",1.000205619294,118095208350.23816
"2021-04-13 06:40:07.882000-07:00",1.00046749072945,118334385545.1623
"2021-04-13 06:45:05.694000-07:00",1.00028904307079,118883763545.77438
"2021-04-13 06:50:04.206000-07:00",1.00040568667463,118951819091.66008
"2021-04-13 06:55:04.640000-07:00",1.00063699723702,119253746333.03758
"2021-04-13 07:00:04.501000-07:00",1.00042556465314,119266511022.53102
"2021-04-13 07:05:04.870000-07:00",1.00038181063364,119269467272.34898
"2021-04-13 07:10:06.580000-07:00",1.00074487858495,119095411544.19563
"2021-04-13 07:15:07.137000-07:00",1.00063703148047,119123548672.8709
"2021-04-13 07:20:03.612000-07:00",1.00057941604245,119189823614.69249
"2021-04-13 07:25:03.557000-07:00",1.00044633008214,119399147855.73134
"2021-04-13 07:30:04.303000-07:00",1.00026415958622,119489669341.49681
"2021-04-13 07:35:04.360000-07:00",1.00027935028763,119573973368.60912
"2021-04-13 07:40:07.063000-07:00",1.00032535117061,119794248126.91814
"2021-04-13 07:45:05.808000-07:00",1.00017375745938,119881695082.17505
"2021-04-13 07:50:03.968000-07:00",1.00017536075222,119914092888.62813
"2021-04-13 07:55:04.349000-07:00",1.00013465519195,119963639332.88173
"2021-04-13 08:00:14.614000-07:00",1.00017450322319,120034582161.85966
"2021-04-13 08:05:04.925000-07:00",1.00019958803492,119772547576.43163
"2021-04-13 08:10:06.132000-07:00",1.00015098078548,119797023793.74983
"2021-04-13 08:15:05.125000-07:00",1.00027083493384,119522199164.41595
"2021-04-13 08:20:09.881000-07:00",1.00022678653488,119266608883.4912
"2021-04-13 08:25:13.216000-07:00",1.00032381128979,119330594873.05809
"2021-04-13 08:30:16.400000-07:00",1.00028787190527,119564379466.96196
"2021-04-13 08:35:04.912000-07:00",1.00043328632791,119625197676.94205
"2021-04-13 08:40:04.263000-07:00",1.00050398265362,119603079096.473
"2021-04-13 08:45:04.341000-07:00",1.00040311058877,119774892375.61632
"2021-04-13 08:50:11.305000-07:00",1.00034373860135,120038155012.67862
"2021-04-13 09:00:04.636000-07:00",1.00024554116146,120641524885.66454
"2021-04-13 09:05:06.506000-07:00",1.0001862251379,120843936368.72832
"2021-04-13 09:10:09.598000-07:00",0.99993360299296,121524150854.8271
"2021-04-13 09:15:09.136000-07:00",1.00003627939288,121780288505.01962
"2021-04-13 09:20:10.400000-07:00",1.00022938793632,122058703001.0861
"2021-04-13 09:25:04.780000-07:00",1.00038417730254,122866769388.135
"2021-04-13 09:30:08.130000-07:00",1.00014240853354,123233624087.08401
"2021-04-13 09:35:08.156000-07:00",1.00005820592024,123476443566.94595
"2021-04-13 09:40:08.327000-07:00",0.99977422016836,123839162101.68654
"2021-04-13 09:45:04.812000-07:00",0.99964285720184,124253768455.21103
"2021-04-13 09:50:04.031000-07:00",0.99978790978971,124410946241.06151
"2021-04-13 09:55:04.379000-07:00",0.99980392049725,124814310050.45836
"2021-04-13 10:00:12.983000-07:00",0.99980550247643,124969830894.54167
"2021-04-13 10:05:04.725000-07:00",0.99972755102894,125134817307.82864
"2021-04-13 10:10:05.404000-07:00",0.9999905930534,125356378654.80348
"2021-04-13 10:15:04.917000-07:00",1.00006597805117,125658002285.65019
"2021-04-13 10:20:05.452000-07:00",0.99997717093691,126121768529.46928
"2021-04-13 10:25:03.797000-07:00",1.00014680874627,126519227998.82344
"2021-04-13 10:30:11.957000-07:00",0.99993944895776,126782036713.96085
"2021-04-13 10:35:06.903000-07:00",1.00004840222742,126862341667.47098
"2021-04-13 10:40:13.736000-07:00",1.00040463189341,127227056224.52707
"2021-04-13 10:45:03.767000-07:00",1.00076644353861,127526694605.45032
"2021-04-13 10:50:03.853000-07:00",1.00081326986541,127847963389.52603
"2021-04-13 10:55:06.418000-07:00",1.00087671509015,128157342265.6711
"2021-04-13 11:00:21.257000-07:00",1.00095596543242,128508057463.04887
"2021-04-13 11:05:05.949000-07:00",1.00104644783959,128583047338.93332
"2021-04-13 11:10:04.837000-07:00",1.00092962914746,128952508142.7797
"2021-04-13 11:15:05.763000-07:00",1.00109217845385,129214321567.58344
"2021-04-13 11:20:06.944000-07:00",1.00102379237873,129553448305.31659
"2021-04-13 11:25:05.279000-07:00",1.00103898913529,129913496639.58281
"2021-04-13 11:30:05.715000-07:00",1.00100059390193,130116019681.43706
"2021-04-13 11:35:03.825000-07:00",1.0009086910381,130410768483.32593
"2021-04-13 11:40:07.911000-07:00",1.00097144838274,130592933968.94629
"2021-04-13 11:45:05.442000-07:00",1.00085539916986,130385968926.67436
"2021-04-13 11:50:07.332000-07:00",1.00078715482765,130312708334.17242
"2021-04-13 11:55:11.955000-07:00",1.00090204717294,130629386545.81548
"2021-04-13 12:00:05.721000-07:00",1.00093482400773,130316879980.98462
"2021-04-13 12:05:07.840000-07:00",1.00087666308118,131054215608.90936
"2021-04-13 12:10:05.290000-07:00",1.00095267780329,131980854788.03838
"2021-04-13 12:15:06.498000-07:00",1.00098391205122,132769407146.87428
"2021-04-13 12:20:03.856000-07:00",1.00112272442276,132916590361.80545
"2021-04-13 12:25:04.151000-07:00",1.00106665108786,133096548054.5031
"2021-04-13 12:30:08.799000-07:00",1.00093205438583,133111499490.25775
"2021-04-13 12:35:06.647000-07:00",1.00065650377022,132925954657.96239
"2021-04-13 12:40:06.039000-07:00",1.00027131420712,133570293858.60516
"2021-04-13 12:45:04.291000-07:00",1.00011126864052,133823099641.5333
"2021-04-13 12:50:06.043000-07:00",1.00017688571807,134178499450.70743
"2021-04-13 12:55:04.187000-07:00",0.99998789000342,134558889772.354
"2021-04-13 13:00:11.615000-07:00",1.00027820016446,134724658657.07788
"2021-04-13 13:05:06.845000-07:00",1.0001194613709,134823735574.92195
"2021-04-13 13:10:04.006000-07:00",1.00022642745195,135058897062.29756
"2021-04-13 13:15:04.121000-07:00",1.00039827058076,135114972284.46526
"2021-04-13 13:20:07.348000-07:00",1.00055105648081,135092873419.23987
"2021-04-13 13:25:06.346000-07:00",1.00066606709352,135042913031.916
"2021-04-13 13:30:05.037000-07:00",1.00072647437132,134900227534.39525
"2021-04-13 13:35:05.754000-07:00",1.00073031437515,134166814861.05038
"2021-04-13 13:40:05.625000-07:00",1.00075228405794,134162562211.03688
"2021-04-13 13:45:03.746000-07:00",1.00050596808219,134196960010.14238
"2021-04-13 13:50:04.539000-07:00",1.0005411724504,134360070523.4061
"2021-04-13 13:55:03.456000-07:00",1.00064954270416,134562900182.31499
"2021-04-13 14:00:13.491000-07:00",1.00049213530081,135118834770.55562
"2021-04-13 14:05:04.526000-07:00",1.00060111739258,134998796889.70264
"2021-04-13 14:10:05.434000-07:00",1.00048482702206,135027639124.79596
"2021-04-13 14:15:09.228000-07:00",1.00043455431947,135134199795.0233
"2021-04-13 14:20:14.165000-07:00",1.00035521720732,135001896943.63274
"2021-04-13 14:25:05.655000-07:00",1.00022957656993,134951853680.24258
"2021-04-13 14:30:07.919000-07:00",1.00033004022105,134940750254.77843
"2021-04-13 14:35:03.765000-07:00",1.00035606468501,134779287484.96736
"2021-04-13 14:40:08.949000-07:00",1.00057784655918,134715616082.55792
"2021-04-13 14:45:04.068000-07:00",1.00054569998204,135114235403.61894
"2021-04-13 14:50:08.055000-07:00",1.00048793258557,135221138434.41957
"2021-04-13 14:55:04.466000-07:00",1.0005219856377,135464802699.66977
"2021-04-13 15:00:11.450000-07:00",1.00061037429664,135284881716.23395
"2021-04-13 15:05:06.425000-07:00",1.00090558821633,135175439235.5421
"2021-04-13 15:10:05.512000-07:00",1.0007626793224,135023673545.662
"2021-04-13 15:15:05.037000-07:00",1.00111455396613,135134396076.01793
"2021-04-13 15:20:05.662000-07:00",1.00115507461211,135592245180.80002
"2021-04-13 15:25:04.433000-07:00",1.0011761144499,136115944668.48944
"2021-04-13 15:30:04.319000-07:00",1.00117889977884,136114549186.78104
"2021-04-13 15:35:04.362000-07:00",1.00122790363459,136248611345.82622
"2021-04-13 15:40:04.815000-07:00",1.00108191635474,136475655798.55731
"2021-04-13 15:45:05.810000-07:00",1.00126176704874,136477007784.51776
"2021-04-13 15:50:07.405000-07:00",1.00102795406994,136640373600.62115
"2021-04-13 15:55:04.472000-07:00",1.00116694959342,136243046944.50676
"2021-04-13 16:00:11.517000-07:00",1.00117481246264,136316405523.6984
"2021-04-13 16:05:05.656000-07:00",1.00106563459107,136095442142.8151
"2021-04-13 16:10:06.519000-07:00",1.00110063381525,136080114392.12071
"2021-04-13 16:15:04.394000-07:00",1.00084732981579,136284842937.2698
"2021-04-13 16:20:09.717000-07:00",1.0005682785816,136096115155.69841
"2021-04-13 16:25:05.308000-07:00",1.00044564028802,136001872677.8429
"2021-04-13 16:30:05.303000-07:00",1.00019723001018,136022911009.70322
"2021-04-13 16:35:04.024000-07:00",0.99998120080575,136014168711.25716
"2021-04-13 16:40:05.206000-07:00",0.99969490576062,136279055364.25897
"2021-04-13 16:45:03.935000-07:00",0.99955606977179,136790212968.77429
"2021-04-13 16:50:05.505000-07:00",0.99947701424502,136744371096.48343
"2021-04-13 16:55:04.926000-07:00",0.99938534620362,136916570201.14655
"2021-04-13 17:00:17.065000-07:00",0.99927763066563,137178692115.80629
"2021-04-13 17:05:09.018000-07:00",0.99918935351039,137292673237.4301
"2021-04-13 17:10:04.872000-07:00",0.99906288603041,137290641255.03201
"2021-04-13 17:15:04.372000-07:00",0.99921938695337,137480177648.92087
"2021-04-13 17:20:04.078000-07:00",0.99932686784973,137514966824.4828
"2021-04-13 17:25:04.565000-07:00",0.99987063844244,137702576724.1793
"2021-04-13 17:30:15.498000-07:00",1.00015524469648,137942507665.9871
"2021-04-13 17:35:04.141000-07:00",1.00003792166287,138023138544.79678
"2021-04-13 17:40:07.161000-07:00",0.99998007857307,138213022451.08044
"2021-04-13 17:45:06.670000-07:00",0.99986341394891,138659341740.77368
"2021-04-13 17:50:04.489000-07:00",0.99983584721001,138684782255.14908
"2021-04-13 17:55:05.618000-07:00",0.99968996984329,139001373037.0574
"2021-04-13 18:00:15.751000-07:00",0.99981854385941,139285967386.1863
"2021-04-13 18:05:04.519000-07:00",0.99977729092358,139439536609.55136
"2021-04-13 18:10:05.976000-07:00",0.99987432807146,139985012538.31616
"2021-04-13 18:15:04.122000-07:00",0.99987637416152,140409710124.19733
"2021-04-13 18:20:06.722000-07:00",1.00014140893843,140468520842.95355
"2021-04-13 18:25:06.867000-07:00",1.00018176184733,140709371385.35602
"2021-04-13 18:30:08.637000-07:00",1.00050068195809,141131403910.27826
"2021-04-13 18:35:05.274000-07:00",1.00062492761944,141405829330.86453
"2021-04-13 18:40:05.050000-07:00",1.00070678063625,141790214748.4882
"2021-04-13 18:45:04.036000-07:00",1.0008025187745,142051725163.94214
"2021-04-13 18:50:04.502000-07:00",1.00079223503711,142225612470.42526
"2021-04-13 18:55:04.127000-07:00",1.00070361783161,142566161124.51135
"2021-04-13 19:00:05.646000-07:00",1.0006623156427,142630019985.0021
"2021-04-13 19:05:04.843000-07:00",1.00046218180232,142447762714.4697
"2021-04-13 19:10:05.043000-07:00",1.00045340061106,142677776417.9109
"2021-04-13 19:15:05.225000-07:00",1.00042147973805,142840731898.53873
"2021-04-13 19:20:04.870000-07:00",1.00023655094728,143113976266.1392
"2021-04-13 19:25:04.320000-07:00",1.00038858048244,143497823775.18552
"2021-04-13 19:30:11.930000-07:00",1.00032266597349,143544934484.91165
"2021-04-13 19:35:06.702000-07:00",1.00020243886088,143594901378.58356
"2021-04-13 19:40:09.953000-07:00",1.00020636852176,143641719409.388
"2021-04-13 19:45:04.455000-07:00",1.00031062706327,143805509272.70157
"2021-04-13 19:50:04.257000-07:00",1.00002593108143,143884123161.67294
"2021-04-13 19:55:04.888000-07:00",1.00010158958497,144068151571.74887
"2021-04-13 20:00:13.521000-07:00",0.99983102958711,144270619829.44873
"2021-04-13 20:05:04.050000-07:00",0.99981579051124,144275043025.35504
"2021-04-13 20:10:04.522000-07:00",0.99980657189912,144311508053.1774
"2021-04-13 20:15:03.861000-07:00",0.9997782894428,144730788683.1033
"2021-04-13 20:20:04.093000-07:00",0.99976906851053,144950342071.06036
"2021-04-13 20:25:09.226000-07:00",0.99994771775078,145341780339.50433
"2021-04-13 20:30:13.266000-07:00",1.00008064626557,145946131718.97043
"2021-04-13 20:35:05.349000-07:00",1.00019474147635,146358893338.01364
"2021-04-13 20:40:04.466000-07:00",1.00015067942958,146779640692.0602
"2021-04-13 20:45:09.575000-07:00",1.00019502350067,147416364887.64563
"2021-04-13 20:50:05.090000-07:00",1.0000930635062,147532278258.89185
"2021-04-13 20:55:04.686000-07:00",1.00009334283888,147823358931.67438
"2021-04-13 21:00:06.052000-07:00",1.00003136612907,148150182429.5287
"2021-04-13 21:05:05.424000-07:00",1.00003868135686,148127998113.57748
"2021-04-13 21:10:03.746000-07:00",1.00011066042706,148390536222.2544
"2021-04-13 21:15:04.749000-07:00",1.00011489335685,148623015323.54962
"2021-04-13 21:20:04.044000-07:00",1.00018591557267,148374992700.99316
"2021-04-13 21:25:04.154000-07:00",1.00010169655746,148635769837.85852
"2021-04-13 21:30:06.242000-07:00",1.00004777879586,148967807113.38184
"2021-04-13 21:35:04.286000-07:00",0.9998563929689,149619399643.65143
"2021-04-13 21:40:04.418000-07:00",0.99988103467109,149940509590.99683
"2021-04-13 21:45:06.702000-07:00",0.99987492733547,150574069359.96246
"2021-04-13 21:50:06.836000-07:00",0.9997610156606,150957074198.15424
"2021-04-13 21:55:05.081000-07:00",0.99988299430118,151417838871.52136
"2021-04-13 22:00:06.234000-07:00",0.99987221441529,151945417431.34653
"2021-04-13 22:05:05.363000-07:00",0.99968177187549,152045948519.01352
"2021-04-13 22:10:04.687000-07:00",0.99986427167184,152399944447.47858
"2021-04-13 22:15:04.605000-07:00",0.99990961632926,152914808144.44458
"2021-04-13 22:20:05.212000-07:00",0.99996564666542,153301575258.10577
"2021-04-13 22:25:04.190000-07:00",1.0001085352046,153875365911.6336
"2021-04-13 22:30:06.373000-07:00",1.00017425190039,154249092330.4441
"2021-04-13 22:35:04.527000-07:00",1.00012919439191,154538962451.6829
"2021-04-13 22:40:04.239000-07:00",1.0003540015801,154921989454.47757
"2021-04-13 22:45:06.122000-07:00",1.00016532824185,155036310565.92877
"2021-04-13 22:50:10.588000-07:00",1.00024674898507,154929199289.50528
"2021-04-13 22:55:04.548000-07:00",1.00037069599433,154822451158.5413
"2021-04-13 23:00:06.489000-07:00",1.00023114060722,154336615904.47702
"2021-04-13 23:05:03.929000-07:00",1.00024471796433,154349683781.2644
"2021-04-13 23:10:04.365000-07:00",1.00008763163937,155252282497.23706
"2021-04-13 23:15:10.379000-07:00",1.00012725555404,155703203056.22168
"2021-04-13 23:20:05.385000-07:00",1.00015776931355,156498045998.22086
"2021-04-13 23:25:04.482000-07:00",0.99993217605779,156832101768.38168
"2021-04-13 23:30:03.720000-07:00",1.00032500822647,156873115529.79602
"2021-04-13 23:35:03.960000-07:00",1.00020220206827,156764976831.57434
"2021-04-13 23:40:05.052000-07:00",0.99998303557964,156913197634.5401
"2021-04-13 23:45:08.838000-07:00",1.00038328549855,157017855860.355
"2021-04-13 23:50:06.801000-07:00",1.00078529445176,157053297552.82803
"2021-04-13 23:55:03.864000-07:00",1.00099501606955,157015144851.00156
"2021-04-14 00:00:09.907000-07:00",1.00129825453694,157205014808.80292
"2021-04-14 00:05:06.146000-07:00",1.00139893649028,157046854430.11282
"2021-04-14 00:10:06.760000-07:00",1.00145152239067,156804331868.74963
"2021-04-14 00:15:05.730000-07:00",1.00145238025259,157072807603.07285
"2021-04-14 00:20:05.637000-07:00",1.00148482719075,157213388318.3628
"2021-04-14 00:25:04.428000-07:00",1.00178626479991,157187461728.65347
"2021-04-14 00:30:04.713000-07:00",1.00171923753919,156999575456.46957
"2021-04-14 00:35:04.597000-07:00",1.00181184745724,156850578035.2006
"2021-04-14 00:40:04.790000-07:00",1.00175355866103,156781236509.91183
"2021-04-14 00:45:05.664000-07:00",1.00187682534309,156792078078.0668
"2021-04-14 00:50:05.326000-07:00",1.0017317743573,156862084812.97253
"2021-04-14 00:55:05.231000-07:00",1.00195150483588,156717021246.4843
"2021-04-14 01:00:14.083000-07:00",1.0021700744317,156522739115.05103
"2021-04-14 01:05:04.453000-07:00",1.00188542844338,156305244408.88696
"2021-04-14 01:10:04.312000-07:00",1.00183148501725,156481400531.96164
"2021-04-14 01:15:05.825000-07:00",1.00190313566482,156724458456.44852
"2021-04-14 01:20:06.241000-07:00",1.00177515158364,156185020186.69138
"2021-04-14 01:25:04.542000-07:00",1.00193834569991,154999891909.41357
"2021-04-14 01:30:04.786000-07:00",1.00184809932108,154599466726.97025
"2021-04-14 01:35:04.040000-07:00",1.00192139296915,154567738813.34753
"2021-04-14 01:40:05.591000-07:00",1.0019576017762,153835698930.3875
"2021-04-14 01:45:03.944000-07:00",1.00203480852888,153409099344.36584
"2021-04-14 01:50:04.207000-07:00",1.00203648725272,152697946835.48862
"2021-04-14 01:55:07.382000-07:00",1.0021037996341,153013682165.05795
"2021-04-14 02:00:16.192000-07:00",1.00216813858476,153496416231.11124
"2021-04-14 02:05:05.916000-07:00",1.00184713928697,153857872629.5308
"2021-04-14 02:10:04.214000-07:00",1.00165877595419,154558056651.42462
"2021-04-14 02:15:05.018000-07:00",1.00170246069535,154183189332.3635
"2021-04-14 02:20:04.737000-07:00",1.00156622054102,153914118579.09924
"2021-04-14 02:25:03.685000-07:00",1.00151685389054,153989993166.2689
"2021-04-14 02:30:04.595000-07:00",1.00119581620414,154258485127.4258
"2021-04-14 02:35:07.042000-07:00",1.00131818210485,154688191917.78415
"2021-04-14 02:40:04.910000-07:00",1.00112689132794,155865720926.60007
"2021-04-14 02:45:04.296000-07:00",1.00107543386342,156694565861.66864
"2021-04-14 02:50:05.184000-07:00",1.00114201606633,157442184925.12158
"2021-04-14 02:55:04.289000-07:00",1.00134857403209,157725144870.176
"2021-04-14 03:00:04.579000-07:00",1.00153656138162,157541859014.51825
"2021-04-14 03:05:04.094000-07:00",1.00171593639101,157411228301.13745
"2021-04-14 03:10:04.909000-07:00",1.00199116632573,158188808412.3264
"2021-04-14 03:15:04.891000-07:00",1.00196884728901,158486235099.83362
"2021-04-14 03:20:06.339000-07:00",1.00210993219153,158682239613.99353
"2021-04-14 03:25:04.455000-07:00",1.00199265903159,158794373251.0187
"2021-04-14 03:30:12.639000-07:00",1.00177772736555,158594153464.92358
"2021-04-14 03:35:03.920000-07:00",1.00166702516557,158571663230.19928
"2021-04-14 03:40:06.087000-07:00",1.00200448095048,158650768213.70212
"2021-04-14 03:45:06.440000-07:00",1.0019440946009,158812232679.78824
"2021-04-14 03:50:04.639000-07:00",1.00188669221683,158886732618.4735
"2021-04-14 03:55:06.115000-07:00",1.00202205060264,158872152340.8452
"2021-04-14 04:00:28.539000-07:00",1.00179943837052,159043952636.53378
"2021-04-14 04:05:03.943000-07:00",1.00194365497931,159159515889.95932
"2021-04-14 04:10:06.339000-07:00",1.00186735735412,159594343169.5015
"2021-04-14 04:15:04.302000-07:00",1.00179158730661,159933942756.48392
"2021-04-14 04:20:09.139000-07:00",1.00189496377218,160122327900.64856
"2021-04-14 04:25:07.114000-07:00",1.00176144447953,160136238916.74176
"2021-04-14 04:30:06.160000-07:00",1.00192475871046,159943557506.6312
"2021-04-14 04:35:04.798000-07:00",1.00192295421494,159975736135.2371
"2021-04-14 04:40:07.880000-07:00",1.00195159911694,160013209881.40826
"2021-04-14 04:45:07.578000-07:00",1.00196629895672,160148171800.9829
"2021-04-14 04:50:07.230000-07:00",1.00185234259433,160247158850.44043
"2021-04-14 04:55:04.086000-07:00",1.00190821143276,160132269074.38165
"2021-04-14 05:00:43.694000-07:00",1.0019869650085,160181206158.52917
"2021-04-14 05:05:11.463000-07:00",1.00208161383279,159835049050.1947
"2021-04-14 05:10:04.800000-07:00",1.00205405709303,159855978175.41806
"2021-04-14 05:15:10.752000-07:00",1.00211268099178,159910812253.55573
"2021-04-14 05:20:05.393000-07:00",1.00218416836021,159635189149.8262
"2021-04-14 05:25:10.574000-07:00",1.00224957772864,159542320539.45102
"2021-04-14 05:30:04.310000-07:00",1.00184370847065,159835197365.42065
"2021-04-14 05:35:06.080000-07:00",1.00174829874942,159878867073.27963
"2021-04-14 05:40:04.851000-07:00",1.00182095127769,159874912348.67377
"2021-04-14 05:45:04.788000-07:00",1.00204978846543,159707797701.77664
"2021-04-14 05:50:04.975000-07:00",1.00188826659166,159578038292.2304
"2021-04-14 05:55:06.893000-07:00",1.00202080575265,158995772684.16064
"2021-04-14 06:00:04.980000-07:00",1.00197487298639,159232329737.95074
"2021-04-14 06:05:04.880000-07:00",1.00194511921738,159088593188.70648
"2021-04-14 06:10:05.310000-07:00",1.00198835990548,159867559471.00812
"2021-04-14 06:15:04.378000-07:00",1.00220169125512,159940108020.8
"2021-04-14 06:20:06.586000-07:00",1.00252594337958,159828125654.03192
"2021-04-14 06:25:04.337000-07:00",1.00237895143441,160047627722.10666
"2021-04-14 06:30:05.618000-07:00",1.00259517722786,159470086447.0301
"2021-04-14 06:35:04.421000-07:00",1.0022452496172,159136668075.1945
"2021-04-14 06:40:03.849000-07:00",1.00174780594484,160086010102.8558
"2021-04-14 06:45:07.411000-07:00",1.00181683916619,159746599207.01108
"2021-04-14 06:50:05.143000-07:00",1.00172437191881,159920324098.0022
"2021-04-14 06:55:05.019000-07:00",1.00158465447611,159958331350.1997
"2021-04-14 07:00:09.916000-07:00",1.0014283073781,159867894217.4014
"2021-04-14 07:05:08.104000-07:00",1.00143287640647,159411895473.3996
"2021-04-14 07:10:05.030000-07:00",1.0013327234828,159939146370.44852
"2021-04-14 07:15:05.591000-07:00",1.00134341518342,159287061075.17563
"2021-04-14 07:20:04.616000-07:00",1.0014856188108,160366513069.5087
"2021-04-14 07:25:06.155000-07:00",1.00163902233944,162150126372.63077
"2021-04-14 07:30:08.268000-07:00",1.00132406696772,162613869987.98196
"2021-04-14 07:35:12.803000-07:00",1.0013355812281,163580599510.9482
"2021-04-14 07:40:09.867000-07:00",1.00134159333612,164672509370.3911
"2021-04-14 07:45:04.460000-07:00",1.00135904853403,164879894488.98413
"2021-04-14 07:50:08.750000-07:00",1.00132697859103,165042389161.229
"2021-04-14 07:55:05.762000-07:00",1.00115463394846,165539206399.01904
"2021-04-14 08:00:12.893000-07:00",1.00117043865746,165035131599.48828
"2021-04-14 08:05:05.129000-07:00",1.00114292369173,165039899897.11273
"2021-04-14 08:10:05.562000-07:00",1.00112691773397,165822075533.804
"2021-04-14 08:15:08.693000-07:00",1.00105742119952,165992997435.2103
"2021-04-14 08:20:04.732000-07:00",1.00111572731752,166336750368.56802
"2021-04-14 08:25:03.805000-07:00",1.00120432814496,166577185867.3484
"2021-04-14 08:30:05.120000-07:00",1.00120179902998,166648417701.00018
"2021-04-14 08:35:06.319000-07:00",1.00142998562618,166088156161.18445
"2021-04-14 08:40:05.399000-07:00",1.00146272877174,166889975478.13455
"2021-04-14 08:45:05.408000-07:00",1.00141218435144,167315799422.5845
"2021-04-14 08:50:04.554000-07:00",1.00143339576056,167443765555.19824
"2021-04-14 08:55:05.029000-07:00",1.00128891371579,167273401923.7286
"2021-04-14 09:00:18.492000-07:00",1.00146896629344,167741840578.6713
"2021-04-14 09:05:07.518000-07:00",1.00148000616888,167146488312.9608
"2021-04-14 09:10:04.567000-07:00",1.00168751982373,166306197512.75433
"2021-04-14 09:15:09.289000-07:00",1.00144062269569,166075272456.4199
"2021-04-14 09:20:06.824000-07:00",1.00139768190063,166317997984.62314
"2021-04-14 09:25:06.265000-07:00",1.0014582985204,166768443759.12076
"2021-04-14 09:30:08.119000-07:00",1.00171137840198,166449876266.4128
"2021-04-14 09:35:07.660000-07:00",1.00185276611354,166438451402.23666
"2021-04-14 09:40:06.810000-07:00",1.00222010622702,166567439595.06934
"2021-04-14 09:45:09.992000-07:00",1.00232411400332,166461331440.14316
"2021-04-14 09:50:04.760000-07:00",1.00217283020845,166589244634.16476
"2021-04-14 09:55:04.265000-07:00",1.00212498939788,166631017842.28543
"2021-04-14 10:00:05.773000-07:00",1.00211944301212,166379247208.3966
"2021-04-14 10:05:06.930000-07:00",1.00218873816127,165998867300.38315
"2021-04-14 10:10:05.076000-07:00",1.00227497408088,165752272757.58072
"2021-04-14 10:15:06.989000-07:00",1.00250124892423,165599193301.0567
"2021-04-14 10:20:07.802000-07:00",1.00255651954582,165555087339.5758
"2021-04-14 10:25:04.159000-07:00",1.00245738245535,165223301210.48224
"2021-04-14 10:30:05.338000-07:00",1.00244985157215,164853103271.23416
"2021-04-14 10:35:05.633000-07:00",1.00232973603738,165356170600.46588
"2021-04-14 10:40:09.653000-07:00",1.00253363793438,164741976292.06723
"2021-04-14 10:45:06.337000-07:00",1.0020638481458,164465840906.71664
"2021-04-14 10:50:04.667000-07:00",1.00167160027255,164450749287.10382
"2021-04-14 10:55:10.524000-07:00",1.0014506131298,164734081005.58444
"2021-04-14 11:00:11.663000-07:00",1.00142120567906,164981221966.01215
"2021-04-14 11:05:05.800000-07:00",1.00145472031596,164084867468.53867
"2021-04-14 11:10:04.559000-07:00",1.00154661105025,164292987800.60175
"2021-04-14 11:15:04.509000-07:00",1.00159436742918,165334541906.36795
"2021-04-14 11:20:03.923000-07:00",1.00158516801541,165673455769.07654
"2021-04-14 11:25:06.036000-07:00",1.00167061246248,165952070820.293
"2021-04-14 11:30:09.454000-07:00",1.00163827098118,166389755971.12872
"2021-04-14 11:35:05.680000-07:00",1.00153408042873,166404413557.6939
"2021-04-14 11:40:07.748000-07:00",1.00168417404632,166049775791.34723
"2021-04-14 11:45:09.720000-07:00",1.00153836192308,165833549938.7947
"2021-04-14 11:50:03.599000-07:00",1.0014318499874,165796148676.8393
"2021-04-14 11:55:03.574000-07:00",1.00135307911957,165541857382.13873
"2021-04-14 12:00:12.716000-07:00",1.00132350593442,165000502824.72394
"2021-04-14 12:05:05.112000-07:00",1.00121347699175,164233230899.42725
"2021-04-14 12:10:06.975000-07:00",1.001310039796,164646191671.8432
"2021-04-14 12:15:04.424000-07:00",1.00118267391317,164570812403.79404
"2021-04-14 12:20:06.182000-07:00",1.00123737910996,164592364009.9716
"2021-04-14 12:25:08.461000-07:00",1.00135811889982,164100849206.81174
"2021-04-14 12:30:08.786000-07:00",1.00130258203527,163602198693.81088
"2021-04-14 12:35:03.784000-07:00",1.00143487012724,163404767451.14832
"2021-04-14 12:40:05.388000-07:00",1.00158624861195,164163595752.1516
"2021-04-14 12:45:04.528000-07:00",1.00148110885692,164568045146.063
"2021-04-14 12:50:07.242000-07:00",1.00165059815159,164988343234.63736
"2021-04-14 12:55:05.042000-07:00",1.00148481123697,165249972402.9768
"2021-04-14 13:00:07.587000-07:00",1.00135758551122,165828721420.15564
"2021-04-14 13:05:05.734000-07:00",1.00150472112602,165504713399.21307
"2021-04-14 13:10:12.337000-07:00",1.00153015219695,166327753083.42224
"2021-04-14 13:15:05.553000-07:00",1.00159507185296,166398598111.04254
"2021-04-14 13:20:05.635000-07:00",1.00138006502776,166375808378.76886
"2021-04-14 13:25:04.752000-07:00",1.00153951115273,166285642152.68607
"2021-04-14 13:30:20.952000-07:00",1.00144569210135,166601618295.48325
"2021-04-14 13:35:05.053000-07:00",1.00144469671439,166557255488.262
"2021-04-14 13:40:09.513000-07:00",1.00148416742394,166365533351.65338
"2021-04-14 13:45:03.859000-07:00",1.00148123337835,166444451962.19446
"2021-04-14 13:50:05.418000-07:00",1.0014821154945,166721911954.41602
"2021-04-14 13:55:05.189000-07:00",1.00163198746538,166806062448.0811
"2021-04-14 14:00:24.235000-07:00",1.00160594461292,167353393847.4769
"2021-04-14 14:05:04.415000-07:00",1.00211957441187,167635400629.94592
"2021-04-14 14:10:05.059000-07:00",1.00213704035563,168130395277.2477
"2021-04-14 14:15:06.816000-07:00",1.002269889003,168325728636.8843
"2021-04-14 14:20:06.131000-07:00",1.00216639523027,168367587552.95178
"2021-04-14 14:25:04.721000-07:00",1.00221906534849,168535411402.8858
"2021-04-14 14:30:04.226000-07:00",1.00205007294495,168972367802.7969
"2021-04-14 14:35:04.572000-07:00",1.00191281507782,169045329823.99387
"2021-04-14 14:40:07.982000-07:00",1.00173553880472,169463788355.10425
"2021-04-14 14:45:04.712000-07:00",1.00186279228043,169891105743.15094
"2021-04-14 14:50:05.122000-07:00",1.00191050458721,170032093690.25433
"2021-04-14 14:55:04.153000-07:00",1.00234289251405,170087960632.8869
"2021-04-14 15:00:05.835000-07:00",1.00232601407721,170509602939.41113
"2021-04-14 15:05:08.632000-07:00",1.00238563827282,170298768416.75388
"2021-04-14 15:10:05.850000-07:00",1.00247454626463,170374597363.74088
"2021-04-14 15:15:06.772000-07:00",1.00217401344931,170316307936.36014
"2021-04-14 15:20:06.463000-07:00",1.00212369363748,170263576658.24054
"2021-04-14 15:25:03.687000-07:00",1.00191563210987,170518209100.93982
"2021-04-14 15:30:17.310000-07:00",1.00206628248855,170465829185.15506
"2021-04-14 15:35:05.403000-07:00",1.00186484893415,170566922053.35226
"2021-04-14 15:40:06.721000-07:00",1.00172099198052,170959100098.7432
"2021-04-14 15:45:05.301000-07:00",1.00168696368689,171056242094.84207
"2021-04-14 15:50:06.856000-07:00",1.001479850509,171052603714.99872
"2021-04-14 15:55:03.841000-07:00",1.001581358823,171116481675.9552
"2021-04-14 16:00:05.971000-07:00",1.00153260132018,171413092780.1823
"2021-04-14 16:05:06.638000-07:00",1.00156119984473,171482418758.3478
"2021-04-14 16:10:03.728000-07:00",1.00142819279198,171644264914.24625
"2021-04-14 16:15:03.864000-07:00",1.00099067325368,171861717107.26935
"2021-04-14 16:20:05.291000-07:00",1.00138769761696,171767865233.0146
"2021-04-14 16:25:05.615000-07:00",1.00160779155435,171870274798.70547
"2021-04-14 16:30:13.449000-07:00",1.00155110860881,172098142188.4772
"2021-04-14 16:35:04.921000-07:00",1.00162017094625,172058508125.65564
"2021-04-14 16:40:04.641000-07:00",1.00171684547031,172009758487.79324
"2021-04-14 16:45:03.886000-07:00",1.00164346799173,171934540096.3478
"2021-04-14 16:50:04.017000-07:00",1.00165010901419,171957291647.91107
"2021-04-14 16:55:04.819000-07:00",1.00155740206592,171718883619.60376
"2021-04-14 17:00:29.400000-07:00",1.00153488936327,172070291956.70798
"2021-04-14 17:05:07.557000-07:00",1.00136432702579,172064809722.8993
"2021-04-14 17:10:04.762000-07:00",1.00123214200648,172459384144.9694
"2021-04-14 17:15:10.594000-07:00",1.00114899377036,171731619374.03387
"2021-04-14 17:20:05.215000-07:00",1.0011519070326,171777750846.57822
"2021-04-14 17:25:04.380000-07:00",1.00119237182181,171990127604.02927
"2021-04-14 17:30:04.971000-07:00",1.00112787839246,171977051329.08527
"2021-04-14 17:35:04.322000-07:00",1.00134239683497,171882543349.83633
"2021-04-14 17:40:05.190000-07:00",1.00155013178049,171749443430.57083
"2021-04-14 17:45:04.157000-07:00",1.00171554391252,171703553613.44534
"2021-04-14 17:50:06.906000-07:00",1.00179778036977,171586552671.97638
"2021-04-14 17:55:05.291000-07:00",1.00179101866429,171667341958.31525
"2021-04-14 18:00:08.542000-07:00",1.0019285092204,171409213246.23804
"2021-04-14 18:05:05.076000-07:00",1.00193105863879,171044239210.68796
"2021-04-14 18:10:04.641000-07:00",1.00188595864624,170640996659.8665
"2021-04-14 18:15:04.246000-07:00",1.00188795528074,170045117312.3175
"2021-04-14 18:20:05.802000-07:00",1.0018695634956,170132946944.46243
"2021-04-14 18:25:04.819000-07:00",1.00208523181868,170225082502.78787
"2021-04-14 18:30:05.690000-07:00",1.00198470753296,170339686214.70892
"2021-04-14 18:35:04.090000-07:00",1.00189645732363,170161815786.40192
"2021-04-14 18:40:04.218000-07:00",1.0017080962575,169832612335.16052
"2021-04-14 18:45:04.134000-07:00",1.00173916348819,169759852067.50732
"2021-04-14 18:50:04.038000-07:00",1.00161290797489,169376057988.7877
"2021-04-14 18:55:03.904000-07:00",1.00165183936354,169016989901.30368
"2021-04-14 19:00:07.822000-07:00",1.00169995826311,169153404304.7305
"2021-04-14 19:05:04.282000-07:00",1.0019559677077,168853052996.89355
"2021-04-14 19:10:04.427000-07:00",1.00192935145979,168900745872.58682
"2021-04-14 19:15:04.464000-07:00",1.00200275090186,168672362017.08514
"2021-04-14 19:20:04.570000-07:00",1.00194414019437,168244545630.26532
"2021-04-14 19:25:03.562000-07:00",1.00190980770007,168044876907.89957
"2021-04-14 19:30:06.946000-07:00",1.00202487466912,167948489424.9266
"2021-04-14 19:35:04.902000-07:00",1.00197665307218,167721231377.58643
"2021-04-14 19:40:04.204000-07:00",1.00211791268682,167916656998.54047
"2021-04-14 19:45:04.650000-07:00",1.00196682302815,168021969240.03574
"2021-04-14 19:50:04.350000-07:00",1.00196825611894,168537774246.93277
"2021-04-14 19:55:05.034000-07:00",1.00193615919623,168772310333.09375
"2021-04-14 20:00:06.018000-07:00",1.0020343664978,168433173895.05643
"2021-04-14 20:05:04.233000-07:00",1.00197138162885,168373053719.3309
"2021-04-14 20:10:04.433000-07:00",1.00187746429992,167834711163.92926
"2021-04-14 20:15:04.986000-07:00",1.00165994017019,167750903690.58566
"2021-04-14 20:20:06.037000-07:00",1.00189827393452,167861985630.91064
"2021-04-14 20:25:07.788000-07:00",1.00201417937916,167904530323.705
"2021-04-14 20:30:07.843000-07:00",1.00193606263664,167706624815.36752
"2021-04-14 20:35:09.301000-07:00",1.00191902014052,167786375213.44098
"2021-04-14 20:40:07.521000-07:00",1.00169049099764,167835942482.5315
"2021-04-14 20:45:05.064000-07:00",1.00169994094035,167586607534.90137
"2021-04-14 20:50:04.346000-07:00",1.00159145107999,167705350066.42328
"2021-04-14 20:55:04.394000-07:00",1.00132950804387,167446969677.6985
"2021-04-14 21:00:08.386000-07:00",1.00124784938793,167526368833.76697
"2021-04-14 21:05:04.748000-07:00",1.00104763010509,167199658899.75
"2021-04-14 21:10:04.128000-07:00",1.0010713390681,167204285540.36682
"2021-04-14 21:15:04.908000-07:00",1.00097054444024,167267389613.6554
"2021-04-14 21:20:04.509000-07:00",1.00102421362243,167251973658.1638
"2021-04-14 21:25:08.568000-07:00",1.0009993472311,167097571064.25348
"2021-04-14 21:30:10.450000-07:00",1.00099774318491,167006857016.23132
"2021-04-14 21:35:05.334000-07:00",1.00105043871189,166953644310.93652
"2021-04-14 21:40:04.943000-07:00",1.00105477004951,166794019475.10794
"2021-04-14 21:45:06.249000-07:00",1.00091917036683,166682805201.14896
"2021-04-14 21:50:05.574000-07:00",1.00069929827286,166360933633.823
"2021-04-14 21:55:05.340000-07:00",1.00100820920934,166222764856.89667
"2021-04-14 22:00:08.142000-07:00",1.00085831137149,166040067594.01608
"2021-04-14 22:05:06.507000-07:00",1.0006417793874,165778859607.32288
"2021-04-14 22:10:04.574000-07:00",1.00064345858133,165374281163.2012
"2021-04-14 22:15:04.906000-07:00",1.00058572864542,165189705236.22867
"2021-04-14 22:20:03.939000-07:00",1.00069813471881,164886755627.08548
"2021-04-14 22:25:04.470000-07:00",1.00054571563721,164757122420.6823
"2021-04-14 22:30:05.346000-07:00",1.00075354742938,164119589653.13385
"2021-04-14 22:35:04.817000-07:00",1.00082680545185,164047694997.3941
"2021-04-14 22:40:10.554000-07:00",1.00099923271178,163888793552.3281
"2021-04-14 22:45:06.405000-07:00",1.00105551401878,163878328558.92896
"2021-04-14 22:50:03.659000-07:00",1.00112156358806,163812316061.59082
"2021-04-14 22:55:04.710000-07:00",1.00111061167348,163889151469.87317
"2021-04-14 23:00:10.439000-07:00",1.00095640989863,163362178793.37152
"2021-04-14 23:05:07.361000-07:00",1.00106327546628,162987065488.97046
"2021-04-14 23:10:07.304000-07:00",1.00128314374225,162719221548.2833
"2021-04-14 23:15:23.702000-07:00",1.0013123857239,162431831592.50906
"2021-04-14 23:20:08.505000-07:00",1.00130633103846,161550000262.15195
"2021-04-14 23:25:04.506000-07:00",1.0012797319538,161166577581.39413
"2021-04-14 23:30:13.193000-07:00",1.00146611859532,160703684964.39545
"2021-04-14 23:35:04.249000-07:00",1.0017990572566,160513542648.5454
"2021-04-14 23:40:04.849000-07:00",1.00221070714164,160286367115.911
"2021-04-14 23:45:04.440000-07:00",1.00205330311536,160181373951.5686
"2021-04-14 23:50:09.777000-07:00",1.0020773464165,160053562029.8356
"2021-04-14 23:55:09.156000-07:00",1.00205775760815,159875013919.9825
"2021-04-15 00:00:07.862000-07:00",1.00194459229883,159842878312.5212
"2021-04-15 00:05:04.019000-07:00",1.00203725365009,159615019335.7193
"2021-04-15 00:10:04.136000-07:00",1.00190266116927,159452472512.3773
"2021-04-15 00:15:09.512000-07:00",1.0020173453965,159371809430.17395
"2021-04-15 00:20:03.981000-07:00",1.00194449957045,159310921853.33823
"2021-04-15 00:25:03.969000-07:00",1.00165162880116,159067492139.14944
"2021-04-15 00:30:07.230000-07:00",1.00158328324767,158970660161.10245
"2021-04-15 00:35:07.096000-07:00",1.00111197699849,159034173619.82724
"2021-04-15 00:40:04.662000-07:00",1.00115548932595,158828306930.06937
"2021-04-15 00:45:05.074000-07:00",1.00126232198399,158712652517.96243
"2021-04-15 00:50:04.341000-07:00",1.00129620641847,158695632333.62738
"2021-04-15 00:55:06.900000-07:00",1.00133561006418,158897491147.09897
"2021-04-15 01:00:21.503000-07:00",1.00154400340804,158910749858.02856
"2021-04-15 01:05:04.636000-07:00",1.00144571072735,158648983611.38297
"2021-04-15 01:10:05.961000-07:00",1.0014372062093,158548163243.9491
"2021-04-15 01:15:05.115000-07:00",1.00139209644281,158471977726.74155
"2021-04-15 01:20:05.529000-07:00",1.00151134723724,158104285467.83484
"2021-04-15 01:25:07.587000-07:00",1.00161568255743,158071581454.75668
"2021-04-15 01:30:12.788000-07:00",1.00171785077372,158011113311.00308
"2021-04-15 01:35:04.070000-07:00",1.00175038955151,157999842996.81754
"2021-04-15 01:40:07.581000-07:00",1.00195495127953,157806057923.72067
"2021-04-15 01:45:03.705000-07:00",1.00172255592478,157621762642.27475
"2021-04-15 01:50:03.796000-07:00",1.00167044922347,157144723530.6982
"2021-04-15 01:55:03.795000-07:00",1.00182551557319,155590829404.28516
"2021-04-15 02:00:04.931000-07:00",1.0019269862885,154654590284.15958
"2021-04-15 02:05:04.536000-07:00",1.00199777370716,155749033588.54697
"2021-04-15 02:10:03.541000-07:00",1.00189456300734,155163248968.3983
"2021-04-15 02:15:04.733000-07:00",1.00191452050359,154752709957.5537
"2021-04-15 02:20:04.163000-07:00",1.00204161901834,154498146779.6779
"2021-04-15 02:25:05.384000-07:00",1.00206801702458,153977208368.80957
"2021-04-15 02:30:03.741000-07:00",1.00205276275207,152948723158.9421
"2021-04-15 02:35:03.770000-07:00",1.00202868030559,152270301057.3584
"2021-04-15 02:40:06.047000-07:00",1.0015019228884,151376726128.04678
"2021-04-15 02:45:07.258000-07:00",1.00139099949454,150675929443.25012
"2021-04-15 02:50:05.919000-07:00",1.00180745883894,150699099217.58832
"2021-04-15 02:55:06.943000-07:00",1.00185580889265,150223608561.65717
"2021-04-15 03:00:15.565000-07:00",1.00165662004988,150025656688.12683
"2021-04-15 03:05:04.166000-07:00",1.00166714547469,149612519206.12518
"2021-04-15 03:10:07.788000-07:00",1.00157809617928,149338932251.55792
"2021-04-15 03:15:05.175000-07:00",1.00157937802293,148927355110.15814
"2021-04-15 03:20:04.469000-07:00",1.00182558089426,148656240171.30142
"2021-04-15 03:25:04.110000-07:00",1.00190992464204,148277228612.61945
"2021-04-15 03:30:07.250000-07:00",1.00201844581481,148397345357.3929
"2021-04-15 03:35:04.710000-07:00",1.0020818133795,148260494179.76334
"2021-04-15 03:40:04.241000-07:00",1.00215779862644,148341754979.53033
"2021-04-15 03:45:04.528000-07:00",1.00213325979433,148137536602.63516
"2021-04-15 03:50:04.942000-07:00",1.00202307213712,147913788755.9663
"2021-04-15 03:55:05.900000-07:00",1.002285270219,147551194100.4273
"2021-04-15 04:00:08.013000-07:00",1.00209367036349,147454062812.28616
"2021-04-15 04:05:06.616000-07:00",1.00157351484298,147236841166.307
"2021-04-15 04:10:07.888000-07:00",1.00181207851496,147079226083.2018
"2021-04-15 04:15:03.957000-07:00",1.00159511040637,146756274405.2391
"2021-04-15 04:20:06.248000-07:00",1.00138015419762,146921159127.4669
"2021-04-15 04:25:04.319000-07:00",1.00105165248469,147177004335.31094
"2021-04-15 04:30:08.162000-07:00",1.00125214129609,147603564671.68176
"2021-04-15 04:35:04.365000-07:00",1.00097514809894,147496936797.58246
"2021-04-15 04:40:05.318000-07:00",1.00112499355385,147479545117.80084
"2021-04-15 04:45:04.335000-07:00",1.00114619887253,147425093258.0778
"2021-04-15 04:50:05.893000-07:00",1.0014134719354,147215401883.79843
"2021-04-15 04:55:05.563000-07:00",1.00133082770853,147137032303.67627
"2021-04-15 05:00:05.157000-07:00",1.00148260174775,146883141530.05548
"2021-04-15 05:05:06.312000-07:00",1.00139851477417,146692507085.50668
"2021-04-15 05:10:04.327000-07:00",1.00131204983559,146518522393.93665
"2021-04-15 05:15:09.251000-07:00",1.00131481830583,146560906365.06775
"2021-04-15 05:20:04.359000-07:00",1.00151165326197,146427627952.33228
"2021-04-15 05:25:05.418000-07:00",1.00151925428376,146139483590.72092
"2021-04-15 05:30:06.454000-07:00",1.00174360351221,145541845722.28082
"2021-04-15 05:35:03.707000-07:00",1.00172499506867,145622040975.5751
"2021-04-15 05:40:03.819000-07:00",1.00181475201969,145478167288.93692
"2021-04-15 05:45:04.739000-07:00",1.00173202807965,145668399527.55698
"2021-04-15 05:50:04.832000-07:00",1.00158775463691,145627256209.66376
"2021-04-15 05:55:04.322000-07:00",1.00177722085857,145396871547.41553
"2021-04-15 06:00:16.065000-07:00",1.00175552428506,144896650852.17386
"2021-04-15 06:05:06.314000-07:00",1.00149138636982,144572319232.61197
"2021-04-15 06:10:15.268000-07:00",1.00153428069549,144320946928.41116
"2021-04-15 06:15:12.632000-07:00",1.00170234134764,144083181629.10583
"2021-04-15 06:20:17.569000-07:00",1.00183803493496,144046978984.47867
"2021-04-15 06:25:04.195000-07:00",1.00159782517859,144312468477.25513
"2021-04-15 06:30:20.733000-07:00",1.00144968032501,144323952681.73145
"2021-04-15 06:35:07.474000-07:00",1.00131962753688,144168637592.42096
"2021-04-15 06:40:04.432000-07:00",1.00105355127131,143980099543.8555
"2021-04-15 06:45:08.692000-07:00",1.00096285704087,143849647333.00363
"2021-04-15 06:50:04.244000-07:00",1.00107197919272,143760929847.5507
"2021-04-15 06:55:04.666000-07:00",1.00137360723814,143668725367.39505
"2021-04-15 07:00:26.151000-07:00",1.00145988553284,143411579797.8932
"2021-04-15 07:05:05.457000-07:00",1.00153315736881,142826582783.81473
"2021-04-15 07:10:07.147000-07:00",1.0017212163478,142186897398.12946
"2021-04-15 07:15:04.463000-07:00",1.00171850810044,141387589963.5191
"2021-04-15 07:20:04.346000-07:00",1.0017760520655,140145381013.05963
"2021-04-15 07:25:03.669000-07:00",1.00219656910988,139059361364.91867
"2021-04-15 07:30:04.287000-07:00",1.00240206373074,138639260450.15863
"2021-04-15 07:35:07.880000-07:00",1.00259867039134,138287744728.2573
"2021-04-15 07:40:12.548000-07:00",1.00216947222426,137740681871.21143
"2021-04-15 07:45:08.232000-07:00",1.00221715721221,137407835517.01907
"2021-04-15 07:50:07.535000-07:00",1.00218307342344,137332527177.29297
"2021-04-15 07:55:05.350000-07:00",1.00200702425518,137328836187.34003
"2021-04-15 08:00:06.802000-07:00",1.0020018508449,137117553880.45686
"2021-04-15 08:05:04.636000-07:00",1.00226294001106,136791173049.91443
"2021-04-15 08:10:04.295000-07:00",1.00240439864068,136438638724.42123
"2021-04-15 08:15:11.525000-07:00",1.00244804188618,136627595569.85567
"2021-04-15 08:20:05.554000-07:00",1.00222186493173,136546702014.18666
"2021-04-15 08:25:07.455000-07:00",1.00234254710606,136276243552.08546
"2021-04-15 08:30:08.079000-07:00",1.00236632524846,136055924885.04913
"2021-04-15 08:35:08.311000-07:00",1.00248299816286,135915139673.49155
"2021-04-15 08:40:06.143000-07:00",1.00254647489656,135621043092.90248
"2021-04-15 08:45:10.497000-07:00",1.00275734327233,135460711660.22589
"2021-04-15 08:50:05.394000-07:00",1.00273463973993,135497321866.6572
"2021-04-15 08:55:05.647000-07:00",1.00270973547846,135559365196.93752
"2021-04-15 09:00:05.689000-07:00",1.00277206931385,135569695514.2607
"2021-04-15 09:05:05.815000-07:00",1.00260685198748,134904815911.24324
"2021-04-15 09:10:06.881000-07:00",1.00246896277235,134882669221.85803
"2021-04-15 09:15:04.768000-07:00",1.00222894239193,135332247292.64664
"2021-04-15 09:20:05.456000-07:00",1.002223185473,135218041383.60701
"2021-04-15 09:25:03.727000-07:00",1.00241784187125,135081246983.85527
"2021-04-15 09:30:10.664000-07:00",1.00259944219459,135117728679.56941
"2021-04-15 09:35:03.900000-07:00",1.00297696495986,134991535983.5906
"2021-04-15 09:40:14.902000-07:00",1.00304831765486,134824179844.23169
"2021-04-15 09:45:06.283000-07:00",1.00304745595829,134848060415.35345
"2021-04-15 09:50:11.558000-07:00",1.00299632705158,134877792599.06993
"2021-04-15 09:55:03.726000-07:00",1.00306536421526,134849760980.41861
"2021-04-15 10:00:07.194000-07:00",1.00310623790658,134845989993.13177
"2021-04-15 10:05:04.803000-07:00",1.00324590272968,134147119747.38095
"2021-04-15 10:10:09.274000-07:00",1.00322699615838,133876289066.36461
"2021-04-15 10:15:05.152000-07:00",1.00317292824164,134051220801.64128
"2021-04-15 10:20:04.048000-07:00",1.00308985516776,134093935187.94836
"2021-04-15 10:25:05.211000-07:00",1.00323254955821,134060119525.57155
"2021-04-15 10:30:05.840000-07:00",1.00313581069986,134392480072.34592
"2021-04-15 10:35:04.931000-07:00",1.00335316968347,134308259347.0345
"2021-04-15 10:40:06.068000-07:00",1.00323018899535,134018022873.7586
"2021-04-15 10:45:05.533000-07:00",1.00329743526489,133380652021.24948
"2021-04-15 10:50:10.665000-07:00",1.00340359766679,133107853537.03156
"2021-04-15 10:55:13.282000-07:00",1.00331941314322,132808986764.78615
"2021-04-15 11:00:09.018000-07:00",1.0029568243825,132604552419.31934
"2021-04-15 11:05:06.653000-07:00",1.00280341552005,132088535437.57935
"2021-04-15 11:10:05.215000-07:00",1.00256650448336,131279184534.48923
"2021-04-15 11:15:07.983000-07:00",1.00248781231164,130535947812.4531
"2021-04-15 11:20:10.121000-07:00",1.00257035276086,130307162940.0445
"2021-04-15 11:25:10.695000-07:00",1.00262581765008,130084437583.15288
"2021-04-15 11:30:04.330000-07:00",1.00292045748736,129858995770.32721
"2021-04-15 11:35:10.242000-07:00",1.00337044541378,129742355850.56601
"2021-04-15 11:40:06.356000-07:00",1.00369609874433,129871560595.47293
"2021-04-15 11:45:14.715000-07:00",1.00354413409933,130207232787.89894
"2021-04-15 11:50:05.236000-07:00",1.00342961648061,130233238808.53448
"2021-04-15 11:55:05.155000-07:00",1.0036416688053,130294939079.5473
"2021-04-15 12:00:10.899000-07:00",1.0036743453999,130201903983.91348
"2021-04-15 12:05:07.452000-07:00",1.00341844608329,130060084009.5404
"2021-04-15 12:10:05.952000-07:00",1.00296284856493,129990349260.26509
"2021-04-15 12:15:09.159000-07:00",1.00268234751267,130024908546.0835
"2021-04-15 12:20:07.009000-07:00",1.00285510941798,130320231240.99452
"2021-04-15 12:25:09.749000-07:00",1.00245038739884,130694810506.58583
"2021-04-15 12:30:10.358000-07:00",1.0023526258618,130377762768.65213
"2021-04-15 12:35:05.094000-07:00",1.00218900816342,130361332994.5701
"2021-04-15 12:40:07.676000-07:00",1.00214801096013,130079744486.26695
"2021-04-15 12:45:07.401000-07:00",1.00201728355254,129890072780.13933
"2021-04-15 12:50:05.267000-07:00",1.00226978199344,129985407967.92262
"2021-04-15 12:55:05.258000-07:00",1.00238061372413,130345095180.59554
"2021-04-15 13:00:19.740000-07:00",1.00277235465336,130476464715.33505
"2021-04-15 13:05:12.524000-07:00",1.00288571653538,130686534021.72928
"2021-04-15 13:10:05.797000-07:00",1.00305148325293,131235134746.38307
"2021-04-15 13:15:05.276000-07:00",1.00316610286893,131647852087.2966
"2021-04-15 13:20:14.490000-07:00",1.00314274640765,131990047620.70058
"2021-04-15 13:25:13.792000-07:00",1.00291417403741,132485727281.88382
"2021-04-15 13:30:24.929000-07:00",1.00280095522809,132600273174.56966
"2021-04-15 13:35:08.257000-07:00",1.00315465481395,132663513332.47142
"2021-04-15 13:40:05.845000-07:00",1.00317381302683,132757939388.84358
"2021-04-15 13:45:06.871000-07:00",1.00337885032056,133117350972.57622
"2021-04-15 13:50:09.730000-07:00",1.00341523196381,133041022846.54878
"2021-04-15 13:55:03.839000-07:00",1.0032360652559,133282496968.8817
"2021-04-15 14:00:06.780000-07:00",1.00307753169796,133554447286.92896
"2021-04-15 14:05:09.266000-07:00",1.00289334100682,133332667071.32878
"2021-04-15 14:10:06.310000-07:00",1.00283583307942,133315863100.55861
"2021-04-15 14:15:05.222000-07:00",1.00294110488303,133427536270.3256
"2021-04-15 14:20:26.334000-07:00",1.00245377068871,133462821144.38914
"2021-04-15 14:25:05.831000-07:00",1.00249772748979,133457152211.50104
"2021-04-15 14:30:05.744000-07:00",1.00213345987334,133601720739.7307
"2021-04-15 14:35:06.007000-07:00",1.0021223743236,133527519369.86015
"2021-04-15 14:40:04.632000-07:00",1.00199154394775,133584273389.2263
"2021-04-15 14:45:10.839000-07:00",1.00201121981436,133499828071.8257
"2021-04-15 14:50:08.899000-07:00",1.00199419734412,133428163541.8712
"2021-04-15 14:55:04.857000-07:00",1.0020364386717,133329255671.38248
"2021-04-15 15:00:05.924000-07:00",1.0021611128623,133355480705.27124
"2021-04-15 15:05:04.550000-07:00",1.00204952283684,133144157659.02208
"2021-04-15 15:10:05.243000-07:00",1.0020001117043,133084588549.7002
"2021-04-15 15:15:03.797000-07:00",1.00163798976511,133379980777.63603
"2021-04-15 15:20:03.923000-07:00",1.001798691709,133432614406.25238
"2021-04-15 15:25:06.071000-07:00",1.00180115344184,133510257857.08989
"2021-04-15 15:30:04.519000-07:00",1.00201083331563,133522025658.60672
"2021-04-15 15:35:05.803000-07:00",1.00173192694133,133672322609.63123
"2021-04-15 15:40:04.664000-07:00",1.00189255063741,133772232637.86292
"2021-04-15 15:45:05.935000-07:00",1.00154933736406,133699444009.49931
"2021-04-15 15:50:09.741000-07:00",1.00138415630573,133662821597.14552
"2021-04-15 15:55:05.695000-07:00",1.00105606559085,133779606628.90059
"2021-04-15 16:00:04.251000-07:00",1.00099902114024,133856224077.27763
"2021-04-15 16:05:04.759000-07:00",1.00105387113114,133631766887.87727
"2021-04-15 16:10:04.929000-07:00",1.00112116504334,133767873041.33669
"2021-04-15 16:15:05.607000-07:00",1.00086641557054,133813087353.83096
"2021-04-15 16:20:04.318000-07:00",1.00086653565746,133727900207.28761
"2021-04-15 16:25:05.047000-07:00",1.00107298335419,133674256059.6634
"2021-04-15 16:30:09.773000-07:00",1.00102298900514,133967851267.82613
"2021-04-15 16:35:04.450000-07:00",1.00096832936339,133825679281.17972
"2021-04-15 16:40:04.912000-07:00",1.0011907135968,133915391619.96619
"2021-04-15 16:45:04.650000-07:00",1.00117342542918,133992603189.9656
"2021-04-15 16:50:04.488000-07:00",1.00109162935361,134128774485.75357
"2021-04-15 16:55:03.595000-07:00",1.00102098946251,134196451393.88362
"2021-04-15 17:00:19.874000-07:00",1.00117629018744,134162399733.8229
"2021-04-15 17:05:05.489000-07:00",1.00100703892011,133920898865.58664
"2021-04-15 17:10:04.106000-07:00",1.00094825280572,133973063156.7068
"2021-04-15 17:15:05.075000-07:00",1.00086289327979,133929008479.3957
"2021-04-15 17:20:06.234000-07:00",1.00069526509359,134288532708.80379
"2021-04-15 17:25:04.761000-07:00",1.00072805149516,134986622041.98337
"2021-04-15 17:30:04.518000-07:00",1.00074775576089,134803275219.93413
"2021-04-15 17:35:03.785000-07:00",1.00044027299447,134960409127.60336
"2021-04-15 17:40:04.823000-07:00",1.00011050770765,135234798430.31523
"2021-04-15 17:45:05.134000-07:00",1.00058700055892,135754141789.48012
"2021-04-15 17:50:04.444000-07:00",1.00079960249971,136090474655.8287
"2021-04-15 17:55:04.443000-07:00",1.00085842883766,136519191458.73744
"2021-04-15 18:00:08.006000-07:00",1.00039412094163,137115307005.35677
"2021-04-15 18:05:04.416000-07:00",1.00045137576533,137532791801.68478
"2021-04-15 18:10:04.368000-07:00",1.00071528943852,138282375863.43484
"2021-04-15 18:15:04.373000-07:00",1.00075801062406,138858286520.4234
"2021-04-15 18:20:05.212000-07:00",1.00108419186014,138830346155.75772
"2021-04-15 18:25:04.595000-07:00",1.00093075401928,138963375279.0893
"2021-04-15 18:30:09.313000-07:00",1.00125126092744,139749773962.00504
"2021-04-15 18:35:04.690000-07:00",1.00143950299522,139734138759.59122
"2021-04-15 18:40:04.092000-07:00",1.00138482475821,139989500666.2066
"2021-04-15 18:45:09.299000-07:00",1.00172121751312,141067138423.08438
"2021-04-15 18:50:04.836000-07:00",1.00164035660241,141283465068.3233
"2021-04-15 18:55:03.953000-07:00",1.00165796162925,142829409154.26547
"2021-04-15 19:00:05.947000-07:00",1.00153861175639,143407425834.35706
"2021-04-15 19:05:05.149000-07:00",1.00140741979041,143732637990.5836
"2021-04-15 19:10:07.761000-07:00",1.0014126494451,143676554940.34213
"2021-04-15 19:15:09.288000-07:00",1.00118291790827,143916793661.76965
"2021-04-15 19:20:04.108000-07:00",1.00141148096764,144111541529.90573
"2021-04-15 19:25:05.076000-07:00",1.00112291794813,144519081601.48422
"2021-04-15 19:30:05.472000-07:00",1.00119698610348,146489067189.80182
"2021-04-15 19:35:09.577000-07:00",1.00138729180631,146888517670.17633
"2021-04-15 19:40:08.646000-07:00",1.00124637849476,147455994026.68478
"2021-04-15 19:45:04.569000-07:00",1.0012830912519,148107011679.93466
"2021-04-15 19:50:11.034000-07:00",1.00093266992309,148663103805.24423
"2021-04-15 19:55:03.758000-07:00",1.00096005721322,148824012048.79156
"2021-04-15 20:00:16.592000-07:00",1.00088895382637,148197192243.62842
"2021-04-15 20:05:06.458000-07:00",1.00120014025589,149143604232.373
"2021-04-15 20:10:06.124000-07:00",1.00132517765957,149258870760.2136
"2021-04-15 20:15:06.942000-07:00",1.00118330319538,149442352856.58215
"2021-04-15 20:20:04.106000-07:00",1.00127917492982,149713802994.14896
"2021-04-15 20:25:04.814000-07:00",1.00098903464191,150183649036.79562
"2021-04-15 20:30:10.235000-07:00",1.00083341943798,150978046225.49692
"2021-04-15 20:35:04.881000-07:00",1.00092771987483,151580952703.8301
"2021-04-15 20:40:05.012000-07:00",1.00107045421671,151553756015.15646
"2021-04-15 20:45:04.661000-07:00",1.00107367086339,151870982422.25656
"2021-04-15 20:50:05.234000-07:00",1.00115437577972,151951835501.6398
"2021-04-15 20:55:04.197000-07:00",1.00079175553636,152179287874.05115
"2021-04-15 21:00:13.530000-07:00",1.00107453047044,152356434388.6266
"2021-04-15 21:05:05.764000-07:00",1.00101234293764,152257177243.13354
"2021-04-15 21:10:07.179000-07:00",1.00142374999774,151738176819.62503
"2021-04-15 21:15:04.885000-07:00",1.00131776479065,152164033412.39322
"2021-04-15 21:20:04.835000-07:00",1.00152201648339,152446489583.9361
"2021-04-15 21:25:06.513000-07:00",1.00169243422996,153180257814.8801
"2021-04-15 21:30:06.671000-07:00",1.00185339504829,153338413281.6584
"2021-04-15 21:35:06.809000-07:00",1.00206222319404,153414890031.03146
"2021-04-15 21:40:12.667000-07:00",1.00180473191474,152924676816.34482
"2021-04-15 21:45:06.308000-07:00",1.00196519016749,153867195548.85886
"2021-04-15 21:50:05.040000-07:00",1.00197178426785,153640235929.06116
"2021-04-15 21:55:04.333000-07:00",1.00186673946897,153877991503.25537
"2021-04-15 22:00:25.134000-07:00",1.00175312159618,153627670121.08438
"2021-04-15 22:05:09.806000-07:00",1.00180961437912,154377304345.8487
"2021-04-15 22:10:14.586000-07:00",1.00193002293949,155803543022.70428
"2021-04-15 22:15:06.664000-07:00",1.00208348817637,155818106198.38458
"2021-04-15 22:20:04.938000-07:00",1.00235570742584,156463184588.7699
"2021-04-15 22:25:06.026000-07:00",1.00241568092763,157495383318.36148
"2021-04-15 22:30:14.066000-07:00",1.00250019243715,157956912396.63898
"2021-04-15 22:35:06.014000-07:00",1.00233212094862,157714937538.11588
"2021-04-15 22:40:11.471000-07:00",1.00211949007202,157819875916.08682
"2021-04-15 22:45:03.838000-07:00",1.0020644145011,158781613372.7051
"2021-04-15 22:50:06.258000-07:00",1.00230623111775,159222351596.4748
"2021-04-15 22:55:07.334000-07:00",1.00241482153386,160084747534.64783
"2021-04-15 23:00:13.064000-07:00",1.00257323135812,159967812609.98746
"2021-04-15 23:05:08.028000-07:00",1.00219093284494,159932548610.50647
"2021-04-15 23:10:06.606000-07:00",1.00228933169659,160423074605.15298
"2021-04-15 23:15:07.177000-07:00",1.00204487264646,160967494469.18744
"2021-04-15 23:20:04.858000-07:00",1.00161966966199,161668577064.0101
"2021-04-15 23:25:05.180000-07:00",1.0020785837845,161493947829.89978
"2021-04-15 23:30:19.967000-07:00",1.00188553218218,161608658550.94525
"2021-04-15 23:35:04.162000-07:00",1.0019629265535,162314964517.2899
"2021-04-15 23:40:05.808000-07:00",1.00210420758042,163410949928.4536
"2021-04-15 23:45:04.841000-07:00",1.00212957057315,164012129071.0603
"2021-04-15 23:50:09.888000-07:00",1.00189244714618,164198471227.70816
"2021-04-15 23:55:06.145000-07:00",1.0017068229998,164272881868.19235
"2021-04-16 00:00:11.196000-07:00",1.0014227846803,164932143915.1337
"2021-04-16 00:05:05.212000-07:00",1.00169232005964,164598713706.07083
"2021-04-16 00:10:04.775000-07:00",1.00199308949859,164765353955.51486
"2021-04-16 00:15:06.598000-07:00",1.00218633989532,164846250487.15454
"2021-04-16 00:20:03.925000-07:00",1.00214110253888,164941548744.79294
"2021-04-16 00:25:07.484000-07:00",1.00227502857117,164904983546.15756
"2021-04-16 00:30:16.111000-07:00",1.00211829484046,165828553790.23453
"2021-04-16 00:35:04.894000-07:00",1.00209236328821,166236327597.21255
"2021-04-16 00:40:04.304000-07:00",1.00179437751727,166766782666.03357
"2021-04-16 00:45:05.797000-07:00",1.00171963168975,167248218440.62408
"2021-04-16 00:50:04.310000-07:00",1.00213337048967,167084389209.2535
"2021-04-16 00:55:04.387000-07:00",1.00241715533663,167098743903.7344
"2021-04-16 01:00:19.341000-07:00",1.00281550014047,167379891441.1222
"2021-04-16 01:05:06.601000-07:00",1.00305729500028,167058471852.03564
"2021-04-16 01:10:11.566000-07:00",1.00294172367875,167221399194.6407
"2021-04-16 01:15:05.073000-07:00",1.00275094452203,168088405855.36804
"2021-04-16 01:20:13.856000-07:00",1.00270762326225,168090406867.2022
"2021-04-16 01:25:04.260000-07:00",1.0025339693294,168430143799.05392
"2021-04-16 01:30:07.880000-07:00",1.00261439905498,168449543253.89313
"2021-04-16 01:35:08.687000-07:00",1.00276424960043,168382407591.65265
"2021-04-16 01:40:06.669000-07:00",1.00283002419323,168726075378.22125
"2021-04-16 01:45:07.278000-07:00",1.00295085749935,168876300453.10376
"2021-04-16 01:50:09.438000-07:00",1.00297972710009,168801188580.04105
"2021-04-16 01:55:07.610000-07:00",1.00287165994499,168737450166.70895
"2021-04-16 02:00:21.418000-07:00",1.00322732138615,168987000241.30017
"2021-04-16 02:05:06.960000-07:00",1.003076547757,168848111970.4196
"2021-04-16 02:10:04.967000-07:00",1.00324563702891,169451317684.10147
"2021-04-16 02:15:09.383000-07:00",1.00341905103201,169762377655.2514
"2021-04-16 02:20:08.580000-07:00",1.00314418126436,170348537296.7035
"2021-04-16 02:25:10.480000-07:00",1.00306409492668,170777793964.67816
"2021-04-16 02:30:16.048000-07:00",1.00326341133806,170507889769.85196
"2021-04-16 02:35:08.366000-07:00",1.00330446752152,170382444194.12064
"2021-04-16 02:40:04.938000-07:00",1.0033288841639,170586462717.60077
"2021-04-16 02:45:04.375000-07:00",1.0033725659573,171267215512.3771
"2021-04-16 02:50:07.454000-07:00",1.00301835700072,171713026925.69238
"2021-04-16 02:55:04.017000-07:00",1.00320059060096,172144418435.35312
"2021-04-16 03:00:10.537000-07:00",1.00329538925549,172577956501.4063
"2021-04-16 03:05:03.745000-07:00",1.00335230602515,172121494695.45496
"2021-04-16 03:10:04.761000-07:00",1.00321331105194,172756428906.78998
"2021-04-16 03:15:05.452000-07:00",1.00291854691252,173796469496.90192
"2021-04-16 03:20:05.055000-07:00",1.00281526302687,174101524051.88858
"2021-04-16 03:25:04.117000-07:00",1.00282787649302,174029581123.92847
"2021-04-16 03:30:05.785000-07:00",1.00270877593798,174151675320.21988
"2021-04-16 03:35:05.863000-07:00",1.00248807590176,174114979173.70004
"2021-04-16 03:40:16.055000-07:00",1.00271244517957,174250862072.6296
"2021-04-16 03:45:08.332000-07:00",1.00269048557034,174059033248.10657
"2021-04-16 03:50:06.392000-07:00",1.00260075786043,174355092541.0449
"2021-04-16 03:55:05.998000-07:00",1.00248361846156,175410487729.60034
"2021-04-16 04:00:07.651000-07:00",1.00245339178004,175375661786.46967
"2021-04-16 04:05:12.472000-07:00",1.00226759568306,175944586778.9226
"2021-04-16 04:10:04.144000-07:00",1.00231469664005,178400627997.62946
"2021-04-16 04:15:08.955000-07:00",1.00208133808446,178109496023.15247
"2021-04-16 04:20:05.948000-07:00",1.00184556525439,178498858952.9852
"2021-04-16 04:25:04.809000-07:00",1.00212749270567,178716569671.96298
"2021-04-16 04:30:17.166000-07:00",1.0019093197969,179675028482.48117
"2021-04-16 04:35:07.005000-07:00",1.00161245051545,180602480725.55972
"2021-04-16 04:40:05.513000-07:00",1.00200281797741,181824154733.87006
"2021-04-16 04:45:04.754000-07:00",1.00254647819535,182504038187.32034
"2021-04-16 04:50:06.008000-07:00",1.00261171660469,182743046484.79678
"2021-04-16 04:55:09.472000-07:00",1.0024267092049,183559961418.05347
"2021-04-16 05:00:05.709000-07:00",1.00272789032495,184313548270.82965
"2021-04-16 05:10:04.686000-07:00",1.00283769194973,184694543160.83328
"2021-04-16 05:20:07.282000-07:00",1.00292048895235,185823479267.95642
"2021-04-16 05:25:06.890000-07:00",1.00296415472095,186297284803.66342
"2021-04-16 05:30:06.437000-07:00",1.00288224726662,186918680113.8079
"2021-04-16 05:35:04.777000-07:00",1.00250693476532,187496409214.91037
"2021-04-16 05:40:05.431000-07:00",1.00250825255331,188239140090.45648
"2021-04-16 05:45:08.977000-07:00",1.00258000994898,188398086129.72995
"2021-04-16 05:50:05.755000-07:00",1.00265638115552,188884681887.72116
"2021-04-16 05:55:09.826000-07:00",1.00247835024603,189870235345.2973
"2021-04-16 06:00:14.805000-07:00",1.00232157171817,190707179866.68723
"2021-04-16 06:05:08.101000-07:00",1.0024387823441,189120925700.9638
"2021-04-16 06:10:11.050000-07:00",1.0025898791197,190290754816.25925
"2021-04-16 06:15:14.075000-07:00",1.00226940888051,192079979357.54175
"2021-04-16 06:25:13.065000-07:00",1.00234376098625,195643782617.83795
"2021-04-16 06:40:17.904000-07:00",1.0027990585866,199544587563.5722
"2021-04-16 06:50:05.597000-07:00",1.00322512160459,202109598012.32312
"2021-04-16 06:55:09.278000-07:00",1.00272497168572,198619118865.9938
"2021-04-16 07:00:04.518000-07:00",1.00261590921878,200236382081.91135
"2021-04-16 07:05:03.910000-07:00",1.00258578996186,202067611396.63635
"2021-04-16 07:10:04.244000-07:00",1.00266264511382,202538906401.45343
"2021-04-16 07:15:04.594000-07:00",1.00267645549087,203160326296.2629
"2021-04-16 07:20:04.527000-07:00",1.00254386305258,202197862123.7601
"2021-04-16 07:25:03.732000-07:00",1.00231888688808,200046279746.19223
"2021-04-16 07:30:04.817000-07:00",1.00235752661227,203097697860.90564
"2021-04-16 07:35:04.093000-07:00",1.00247332267907,204726620410.45135
"2021-04-16 07:40:04.420000-07:00",1.00287798759302,205057066578.69327
"2021-04-16 07:45:03.678000-07:00",1.00305340877435,206135373861.49734
"2021-04-16 07:50:03.827000-07:00",1.00328289299845,207398421930.19357
"2021-04-16 07:55:04.028000-07:00",1.00335288165758,206902803750.28168
"2021-04-16 08:00:06.222000-07:00",1.00323719222928,207015889096.02948
"2021-04-16 08:05:04.406000-07:00",1.00343538363707,207004422655.0538
"2021-04-16 08:10:04.688000-07:00",1.00371533168196,208912113686.14987
"2021-04-16 08:15:04.113000-07:00",1.00357222926049,210346850629.87082
"2021-04-16 08:20:04.511000-07:00",1.00322925213664,210171255498.46445
"2021-04-16 08:25:03.607000-07:00",1.00324193121071,210296215527.64685
"2021-04-16 08:30:04.069000-07:00",1.00345171485978,210565048116.38403
"2021-04-16 08:35:03.483000-07:00",1.00337543974343,210474114507.66174
"2021-04-16 08:40:04.093000-07:00",1.00345428551995,211797824431.91638
"2021-04-16 08:45:04.280000-07:00",1.00358590405111,212535722760.1001
"2021-04-16 08:50:04.300000-07:00",1.00334528631196,213562625514.3078
"2021-04-16 08:55:04.317000-07:00",1.00355643141405,214512125694.94455
"2021-04-16 09:00:15.960000-07:00",1.00375387603335,213924052285.52542
"2021-04-16 09:05:03.798000-07:00",1.00364778284977,213838978513.51566
"2021-04-16 09:10:04.305000-07:00",1.003621508708,214654783142.80725
"2021-04-16 09:15:04.346000-07:00",1.00371059930095,214005532691.9186
"2021-04-16 09:20:03.514000-07:00",1.00332466038562,212687873980.17642
"2021-04-16 09:25:03.761000-07:00",1.00309832101821,214420267962.37988
"2021-04-16 09:30:04.260000-07:00",1.00309592654371,213181931553.9961
"2021-04-16 09:35:03.527000-07:00",1.00281186987922,214410566776.252
"2021-04-16 09:40:03.936000-07:00",1.00293198983385,216387435223.61926
"2021-04-16 09:45:04.154000-07:00",1.00262536123677,216079582021.57755
"2021-04-16 09:50:04.303000-07:00",1.00260996485209,218332734722.23654
"2021-04-16 09:55:05.878000-07:00",1.00251147454682,219811965161.93427
"2021-04-16 10:00:05.687000-07:00",1.00227842384703,219952966744.55273
"2021-04-16 10:05:04.320000-07:00",1.00217343976477,220924048844.22842
"2021-04-16 10:10:03.780000-07:00",1.00219221514293,224036757196.26294
"2021-04-16 10:15:03.953000-07:00",1.00209382023202,225119273421.47345
"2021-04-16 10:20:04.476000-07:00",1.00190379585507,224585280537.07257
"2021-04-16 10:25:03.894000-07:00",1.00183515082811,225232058335.91867
"2021-04-16 10:30:04.507000-07:00",1.00220892124389,226124151863.93286
"2021-04-16 10:35:03.922000-07:00",1.00206635874393,227044904409.61526
"2021-04-16 10:40:04.252000-07:00",1.00225692566868,226661812278.01083
"2021-04-16 10:45:04.533000-07:00",1.00193578403015,227009897811.66367
"2021-04-16 10:50:03.678000-07:00",1.00200271179977,226388871629.67218
"2021-04-16 10:55:03.807000-07:00",1.00233931441148,226962932249.2396
"2021-04-16 11:00:05.166000-07:00",1.0023447229635,227295082984.91165
"2021-04-16 11:05:03.983000-07:00",1.00250937925874,226814671250.83203
"2021-04-16 11:10:04.587000-07:00",1.00274729733202,225259604657.20047
"2021-04-16 11:15:04.238000-07:00",1.00305342074262,227428422712.61365
"2021-04-16 11:20:04.883000-07:00",1.00309429593942,227967137468.64682
"2021-04-16 11:25:04.110000-07:00",1.00306417968159,227332893598.62292
"2021-04-16 11:30:04.286000-07:00",1.00293422209729,227152292487.63168
"2021-04-16 11:35:04.503000-07:00",1.00278965289249,227322458529.37518
"2021-04-16 11:40:03.871000-07:00",1.00250487089525,226968631373.81555
"2021-04-16 11:45:04.075000-07:00",1.00229805890823,227106689135.40533
"2021-04-16 11:50:04.278000-07:00",1.00221042764772,227342611845.32184
"2021-04-16 11:55:04.530000-07:00",1.00212183681073,228023382207.30084
"2021-04-16 12:00:06.733000-07:00",1.00237839470867,228381380103.56525
"2021-04-16 12:05:04.380000-07:00",1.00253861667101,228436756472.90158
"2021-04-16 12:10:06.072000-07:00",1.00248979502081,227785635907.5205
"2021-04-16 12:15:04.270000-07:00",1.00264500676173,227228165494.00592
"2021-04-16 12:20:03.767000-07:00",1.0026606131688,226729551885.53986
"2021-04-16 12:25:04.037000-07:00",1.00249773193857,225427683860.06873
"2021-04-16 12:30:05.980000-07:00",1.00255634297274,225649371235.37354
"2021-04-16 12:35:04.602000-07:00",1.0025298396209,225808053958.52853
"2021-04-16 12:40:03.974000-07:00",1.00257756886414,226417805767.60257
"2021-04-16 12:45:04.257000-07:00",1.00279621761736,225527591981.67587
"2021-04-16 12:50:04.485000-07:00",1.00284374469662,225620710145.75372
"2021-04-16 12:55:03.946000-07:00",1.0027657975155,226568069478.54306
"2021-04-16 13:00:06.459000-07:00",1.00263659227351,227765667204.81384
"2021-04-16 13:05:04.449000-07:00",1.00284340646884,227523933259.07138
"2021-04-16 13:10:11.297000-07:00",1.00287651504218,227713855298.86377
"2021-04-16 13:15:04.369000-07:00",1.00286546179453,227850856895.4022
"2021-04-16 13:20:03.768000-07:00",1.00268067541831,228661799598.41272
"2021-04-16 13:25:04.007000-07:00",1.00280567035297,228812674850.23007
"2021-04-16 13:30:05.193000-07:00",1.00253034794194,228679620033.50415
"2021-04-16 13:35:04.472000-07:00",1.00233807705431,229530831568.9508
"2021-04-16 13:40:03.480000-07:00",1.002067259194,229355501338.84222
"2021-04-16 13:45:03.491000-07:00",1.00227588450436,228308777236.1309
"2021-04-16 13:50:03.749000-07:00",1.00232833384482,228557204080.33374
"2021-04-16 13:55:04.017000-07:00",1.00216190651155,228567970049.84775
"2021-04-16 14:00:11.098000-07:00",1.00235955093141,228565106797.96533
"2021-04-16 14:05:04.726000-07:00",1.00224921348505,228564411442.82422
"2021-04-16 14:10:04.494000-07:00",1.00223597949865,228264022762.11487
"2021-04-16 14:15:04.164000-07:00",1.00236729579127,227665310205.29373
"2021-04-16 14:20:04.664000-07:00",1.00249821002937,227984219704.4379
"2021-04-16 14:25:03.886000-07:00",1.00261030750159,228105110937.51776
"2021-04-16 14:30:04.945000-07:00",1.00280154142464,227526469084.26144
"2021-04-16 14:35:04.724000-07:00",1.00273886044023,227928845832.54727
"2021-04-16 14:40:04.203000-07:00",1.00258993588656,228486931717.01797
"2021-04-16 14:45:03.765000-07:00",1.00240920651457,228449254190.49313
"2021-04-16 14:50:03.748000-07:00",1.00231888140665,228904508817.63046
"2021-04-16 14:55:03.901000-07:00",1.00219407830988,229309321335.2651
"2021-04-16 15:00:05.652000-07:00",1.00227887114569,229122282235.1119
"2021-04-16 15:05:03.916000-07:00",1.00219841593693,228762750640.00894
"2021-04-16 15:10:05.602000-07:00",1.002269885082,228897196803.85687
"2021-04-16 15:15:03.879000-07:00",1.00187229536449,229384120639.11664
"2021-04-16 15:20:04.188000-07:00",1.00166125712544,229543270801.6924
"2021-04-16 15:25:04.091000-07:00",1.00182162491873,230618363248.46872
"2021-04-16 15:30:05.029000-07:00",1.00178477352894,230492649876.0166
"2021-04-16 15:35:04.250000-07:00",1.00181968561299,230146450683.5795
"2021-04-16 15:40:04.404000-07:00",1.00154977773068,231054199328.2107
"2021-04-16 15:45:04.372000-07:00",1.0016699473622,230892733246.04407
"2021-04-16 15:50:04.285000-07:00",1.00172010749815,231039686340.38306
"2021-04-16 15:55:04.206000-07:00",1.001813343038,231900523739.5154
"2021-04-16 16:00:04.604000-07:00",1.00199472517982,232285371198.63437
"2021-04-16 16:05:04.172000-07:00",1.00218957960233,232394753705.1661
"2021-04-16 16:10:05.704000-07:00",1.00250244502602,231958714846.21368
"2021-04-16 16:15:04.024000-07:00",1.00251216009445,231816353420.39676
"2021-04-16 16:20:04.040000-07:00",1.00246045112584,232640185588.11438
"2021-04-16 16:25:03.876000-07:00",1.00235465482718,232770937999.751
"2021-04-16 16:30:04.976000-07:00",1.00200524840112,232897127661.66934
"2021-04-16 16:35:04.205000-07:00",1.00186924003094,233110748488.918
"2021-04-16 16:40:04.519000-07:00",1.00196158281189,232924489321.8259
"2021-04-16 16:45:03.867000-07:00",1.00217421277843,232242172521.88226
"2021-04-16 16:50:03.440000-07:00",1.00221749888244,232264379115.05014
"2021-04-16 16:55:04.295000-07:00",1.00244882850053,232319008099.9017
"2021-04-16 17:00:05.891000-07:00",1.00237852328856,232628916727.0192
"2021-04-16 17:05:04.171000-07:00",1.00234156310354,230988354750.42096
"2021-04-16 17:10:04.183000-07:00",1.00237540016608,232611787293.90384
"2021-04-16 17:15:04.346000-07:00",1.00213858971415,234096949793.8578
"2021-04-16 17:20:03.890000-07:00",1.0021103367109,233849316326.49078
"2021-04-16 17:25:08.985000-07:00",1.00232911825326,232685178266.1508
"2021-04-16 17:30:04.943000-07:00",1.00266901558363,233089439245.56937
"2021-04-16 17:35:09.682000-07:00",1.0026382681498,232626558971.93546
"2021-04-16 17:40:04.416000-07:00",1.00291302891658,232515095593.80072
"2021-04-16 17:45:04.326000-07:00",1.0029201329116,232321853078.23706
"2021-04-16 17:50:05.390000-07:00",1.00287240957382,232218107935.44592
"2021-04-16 17:55:03.601000-07:00",1.00269642253586,232734277242.28183
"2021-04-16 18:00:04.826000-07:00",1.00240707576974,232372329025.15756
"2021-04-16 18:05:04.597000-07:00",1.00204299638877,232041537968.19266
"2021-04-16 18:10:04.470000-07:00",1.0019652829718,231212653613.5569
"2021-04-16 18:15:03.653000-07:00",1.00175893169138,230546806482.28122
"2021-04-16 18:20:03.999000-07:00",1.00150796939864,230804006121.9837
"2021-04-16 18:25:09.835000-07:00",1.0016483865413,230642822590.84778
"2021-04-16 18:30:06.732000-07:00",1.00159104002695,230120618987.14557
"2021-04-16 18:35:04.046000-07:00",1.00170111121957,230446246513.5698
"2021-04-16 18:40:04.304000-07:00",1.00166445158451,230332284972.0463
"2021-04-16 18:45:04.338000-07:00",1.00154297017773,230829063494.34302
"2021-04-16 18:50:04.189000-07:00",1.00129015049068,230273907648.40445
"2021-04-16 18:55:04.630000-07:00",1.00145235699158,229784459431.7231
"2021-04-16 19:00:04.945000-07:00",1.00128279065006,230147912782.11072
"2021-04-16 19:05:05.272000-07:00",1.00117596355682,229946458646.23007
"2021-04-16 19:10:04.700000-07:00",1.00117309948837,229771776981.8045
"2021-04-16 19:15:04.049000-07:00",1.00094509068376,230153878536.41794
"2021-04-16 19:20:04.534000-07:00",1.00066908022951,230258749156.73462
"2021-04-16 19:25:03.663000-07:00",1.00050877712544,230279343598.71857
"2021-04-16 19:30:04.436000-07:00",1.00043311292083,229810488060.9912
"2021-04-16 19:35:06.205000-07:00",1.00023827345709,229512531944.94315
"2021-04-16 19:40:04.735000-07:00",1.00026101698022,228990906827.0931
"2021-04-16 19:45:03.747000-07:00",1.00011204515451,228756109693.2526
"2021-04-16 19:50:03.628000-07:00",1.00011610869758,228507549754.45114
"2021-04-16 19:55:03.818000-07:00",1.00032834484363,228219447906.12543
"2021-04-16 20:00:04.850000-07:00",1.00018683372613,227671665124.8617
"2021-04-16 20:05:04.618000-07:00",1.00044203238101,227142821294.764
"2021-04-16 20:10:03.893000-07:00",1.00060167864157,226047620110.34442
"2021-04-16 20:15:03.812000-07:00",1.00083522247181,225608069872.65375
"2021-04-16 20:20:04.199000-07:00",1.00085601119327,225939468147.4393
"2021-04-16 20:25:04.383000-07:00",1.00050679824268,225195035543.75833
"2021-04-16 20:30:09.544000-07:00",1.00034969230908,223987632532.1285
"2021-04-16 20:35:03.480000-07:00",1.00079812269089,224421032317.5703
"2021-04-16 20:40:04.655000-07:00",1.00130501554058,224405127037.0422
"2021-04-16 20:45:04.681000-07:00",1.00132719013978,225108448330.5343
"2021-04-16 20:50:03.739000-07:00",1.00130358487616,225736048781.70572
"2021-04-16 20:55:03.890000-07:00",1.00134592136367,226026081268.4301
"2021-04-16 21:00:04.423000-07:00",1.00121484957127,225546533417.424
"2021-04-16 21:05:03.763000-07:00",1.00116508016774,225400922562.33603
"2021-04-16 21:10:03.881000-07:00",1.0012085753794,224761640620.00372
"2021-04-16 21:15:04.361000-07:00",1.00135260414564,224681182411.7549
"2021-04-16 21:20:03.736000-07:00",1.00145545431649,224246822358.1536
"2021-04-16 21:25:03.665000-07:00",1.00133307398185,223884572997.00598
"2021-04-16 21:30:05.684000-07:00",1.00130052425569,223026057435.15213
"2021-04-16 21:35:03.817000-07:00",1.00115165049373,223492644433.14178
"2021-04-16 21:40:03.878000-07:00",1.00103536340341,222297772581.3775
"2021-04-16 21:45:03.660000-07:00",1.00092044466253,221202559069.00192
"2021-04-16 21:50:03.762000-07:00",1.00078082488576,221093148610.08624
"2021-04-16 21:55:03.573000-07:00",1.00053153716794,221223743759.37766
"2021-04-16 22:00:05.474000-07:00",1.00012955500327,221652126243.05734
"2021-04-16 22:05:03.714000-07:00",0.99986653044845,220592402520.38354
"2021-04-16 22:10:04.516000-07:00",0.99960597926789,219951265452.9059
"2021-04-16 22:15:04.058000-07:00",0.99957676966149,220485688280.25092
"2021-04-16 22:20:04.235000-07:00",0.99988515169273,220191998307.22858
"2021-04-16 22:25:04.427000-07:00",0.99979635625108,220100315574.77097
"2021-04-16 22:30:04.443000-07:00",1.00054116069441,220946840897.54092
"2021-04-16 22:35:04.367000-07:00",1.00019737239237,220402096550.75665
"2021-04-16 22:40:04.276000-07:00",1.00055216800285,220966241208.81802
"2021-04-16 22:45:04.321000-07:00",1.00046935493057,221008838805.3188
"2021-04-16 22:50:04.662000-07:00",1.00033649460202,221409842674.89572
"2021-04-16 22:55:05.337000-07:00",1.00039095856509,221408603299.13422
"2021-04-16 23:00:05.175000-07:00",1.00056879403134,220919372494.62598
"2021-04-16 23:05:09.953000-07:00",1.0004443866702,220352672485.55408
"2021-04-16 23:10:10.584000-07:00",1.00014963288126,219261740609.65927
"2021-04-16 23:15:04.844000-07:00",1.00042226362357,217959243108.00565
"2021-04-16 23:20:05.360000-07:00",1.00043374359436,218444266053.446
"2021-04-16 23:25:04.609000-07:00",1.00053828779917,218281142490.71252
"2021-04-16 23:30:05.452000-07:00",1.00074892734379,218089324014.63898
"2021-04-16 23:35:04.181000-07:00",1.00064674415364,218249387145.71555
"2021-04-16 23:40:05.008000-07:00",1.00049433219506,218526149587.9988
"2021-04-16 23:45:03.607000-07:00",1.00034458189071,218609752692.40747
"2021-04-16 23:50:04.341000-07:00",1.0005416145584,218644974420.34598
"2021-04-16 23:55:04.353000-07:00",1.00046031597749,218603354947.01898
"2021-04-17 00:00:04.392000-07:00",1.00092461661847,218255090774.87558
"2021-04-17 00:05:04.737000-07:00",1.00099602810177,218316009287.60257
"2021-04-17 00:10:04.160000-07:00",1.00100701135013,218343630257.18622
"2021-04-17 00:15:05.853000-07:00",1.00094993455058,218233971944.18024
"2021-04-17 00:20:04.091000-07:00",1.00105493234685,217979443653.89246
"2021-04-17 00:25:04.946000-07:00",1.00097087066901,217236549417.525
"2021-04-17 00:30:03.874000-07:00",1.00111180564947,216816275426.7485
"2021-04-17 00:35:04.331000-07:00",1.00093264521113,216318713767.08994
"2021-04-17 00:40:04.269000-07:00",1.00102526034031,216355343886.12476
"2021-04-17 00:45:04.825000-07:00",1.00107900146492,216702543623.4393
"2021-04-17 00:50:04.200000-07:00",1.00105097163758,216739200837.34213
"2021-04-17 00:55:04.310000-07:00",1.00070121405277,216631634555.2865
"2021-04-17 01:00:04.976000-07:00",1.00073181337959,216519825352.04675
"2021-04-17 01:05:04.510000-07:00",1.00073871476116,216691648933.61865
"2021-04-17 01:10:03.746000-07:00",1.00061865306932,216669818813.39224
"2021-04-17 01:15:04.752000-07:00",1.00055399393583,216601508470.861
"2021-04-17 01:20:04.309000-07:00",1.00041675702812,216796802788.41962
"2021-04-17 01:25:04.455000-07:00",1.0004697649903,217644793706.18832
"2021-04-17 01:30:06.078000-07:00",1.00058807074608,216604182704.82135
"2021-04-17 01:35:04.014000-07:00",1.0008283520389,216576893457.17874
"2021-04-17 01:40:08.922000-07:00",1.00080995424975,216453055726.05862
"2021-04-17 01:45:03.848000-07:00",1.00082789533534,216092858528.23117
"2021-04-17 01:50:03.878000-07:00",1.00087406458827,216300115324.05756
"2021-04-17 01:55:04.051000-07:00",1.00081698791271,216408168302.53992
"2021-04-17 02:00:04.988000-07:00",1.0008043745044,216180542655.68207
"2021-04-17 02:05:04.342000-07:00",1.00073954437391,215791480641.05423
"2021-04-17 02:10:08.665000-07:00",1.00094557168445,215273472645.44067
"2021-04-17 02:15:10.003000-07:00",1.00097803762877,214325232587.6183
"2021-04-17 02:20:08.090000-07:00",1.00107723250531,213378611896.94046
"2021-04-17 02:25:04.796000-07:00",1.00094852826003,213417466967.3161
"2021-04-17 02:30:10.339000-07:00",1.00100499762336,213131678342.8295
"2021-04-17 02:35:08.878000-07:00",1.00096415055428,212971134963.0681
"2021-04-17 02:40:08.987000-07:00",1.00085774881201,212791149827.51227
"2021-04-17 02:45:03.341000-07:00",1.00079371375737,212444919259.79504
"2021-04-17 02:50:04.234000-07:00",1.00074879654269,211796982037.72217
"2021-04-17 02:55:04.050000-07:00",1.00116899164277,212054413810.488
"2021-04-17 03:00:04.369000-07:00",1.00108807666507,212748983007.56006
"2021-04-17 03:05:03.625000-07:00",1.00109181483099,212869415458.1534
"2021-04-17 03:10:03.818000-07:00",1.00158381690131,212308402449.02823
"2021-04-17 03:15:03.668000-07:00",1.00163873649923,213647071375.7582
"2021-04-17 03:20:03.702000-07:00",1.00168426455852,213962656968.72784
"2021-04-17 03:25:03.524000-07:00",1.00165328349738,213811987455.9943
"2021-04-17 03:30:04.373000-07:00",1.0015015255661,213918281418.32535
"2021-04-17 03:35:04.245000-07:00",1.00166718930507,213641497504.31296
"2021-04-17 03:40:04.133000-07:00",1.00165111573932,213909903407.64374
"2021-04-17 03:45:04.002000-07:00",1.00153776583585,213387792243.00803
"2021-04-17 03:50:03.790000-07:00",1.00164755065886,212983283800.4052
"2021-04-17 04:00:06.277000-07:00",1.00183931542044,211893139210.85345
"2021-04-17 04:05:03.599000-07:00",1.00198289984,211078609310.2472
"2021-04-17 04:10:03.513000-07:00",1.00214094620176,210010778109.67883
"2021-04-17 04:15:04.449000-07:00",1.0020599961924,209777107250.59912
"2021-04-17 04:20:03.753000-07:00",1.0019235045858,209365829225.62057
"2021-04-17 04:25:03.758000-07:00",1.00193285880595,207252365760.52194
"2021-04-17 04:30:03.974000-07:00",1.00218791850462,206346038913.57416
"2021-04-17 04:35:04.132000-07:00",1.00226916682237,205553074392.5432
"2021-04-17 04:40:04.037000-07:00",1.0025362189927,204649002127.58032
"2021-04-17 04:45:03.868000-07:00",1.00278114238296,205693911163.62988
"2021-04-17 04:50:03.701000-07:00",1.00291784608563,206749406177.513
"2021-04-17 04:55:03.514000-07:00",1.00275792930223,207070474933.00745
"2021-04-17 05:00:04.293000-07:00",1.0027766242824,206640355920.77045
"2021-04-17 05:05:03.901000-07:00",1.00291260244003,205305463826.56488
"2021-04-17 05:10:03.869000-07:00",1.00305343080515,205965897119.1609
"2021-04-17 05:15:03.683000-07:00",1.00272482265261,206530163477.83044
"2021-04-17 05:20:04.048000-07:00",1.00235777139041,206234632964.06427
"2021-04-17 05:25:04.037000-07:00",1.00230175379026,206441195850.91104
"2021-04-17 05:30:05.433000-07:00",1.00225826185506,206154105548.47275
"2021-04-17 05:35:03.491000-07:00",1.00243805575075,205397932761.72092
"2021-04-17 05:40:03.547000-07:00",1.00253142398341,206776960473.65076
"2021-04-17 05:45:03.646000-07:00",1.00264690821108,206639512871.6294
"2021-04-17 05:50:03.788000-07:00",1.00245970764993,206965820807.7437
"2021-04-17 05:55:03.717000-07:00",1.00207807472341,207032162375.05136
"2021-04-17 06:00:04.043000-07:00",1.00189583818296,206566923355.2679
"2021-04-17 06:05:03.485000-07:00",1.00206909516175,205715274856.15417
"2021-04-17 06:10:03.409000-07:00",1.00208048186185,206007839317.15848
"2021-04-17 06:15:04.299000-07:00",1.00210134895852,205276260334.9798
"2021-04-17 06:20:04.395000-07:00",1.00205309478989,204146642736.32416
"2021-04-17 06:25:04.605000-07:00",1.00205577031597,203308666737.43704
"2021-04-17 06:30:03.696000-07:00",1.00219964694836,203701673605.24127
"2021-04-17 06:35:04.077000-07:00",1.00227609362655,204197970903.06165
"2021-04-17 06:40:04.024000-07:00",1.00221858337668,204420323717.97946
"2021-04-17 06:45:03.862000-07:00",1.0020183029731,204155390841.88263
"2021-04-17 06:50:03.789000-07:00",1.00208495540549,204100636284.89584
"2021-04-17 06:55:04.220000-07:00",1.00241463312548,203777175959.6547
"2021-04-17 07:00:04.742000-07:00",1.00239271840302,202800535180.1011
"2021-04-17 07:05:04.217000-07:00",1.00257930763934,201529667609.7967
"2021-04-17 07:10:04.126000-07:00",1.00262125825613,201887913850.83276
"2021-04-17 07:15:04.007000-07:00",1.00226571288066,201729058868.63995
"2021-04-17 07:20:04.034000-07:00",1.00206629172586,201346578816.8458
"2021-04-17 07:25:03.871000-07:00",1.00200270319217,201424656753.84338
"2021-04-17 07:30:04.165000-07:00",1.00237411050487,200583514127.40912
"2021-04-17 07:35:04.332000-07:00",1.0024575941069,200671599485.26077
"2021-04-17 07:40:04.324000-07:00",1.00271749548807,200247264029.07663
"2021-04-17 07:45:04.142000-07:00",1.0029229858921,199816775084.70193
"2021-04-17 07:50:04.307000-07:00",1.00317646720212,198973511006.26315
"2021-04-17 07:55:04.648000-07:00",1.00356125753432,198586273874.60812
"2021-04-17 08:00:05.077000-07:00",1.00359470381986,198778662554.12598
"2021-04-17 08:05:04.178000-07:00",1.00385883672947,197874615782.7178
"2021-04-17 08:10:04.328000-07:00",1.00376006965275,197562221128.18912
"2021-04-17 08:15:04.322000-07:00",1.00389622830739,199472112440.60883
"2021-04-17 08:20:03.993000-07:00",1.00408331031423,199168535783.54388
"2021-04-17 08:25:03.920000-07:00",1.00466130836108,198397514287.43307
"2021-04-17 08:30:04.566000-07:00",1.00495725444026,199446854307.28738
"2021-04-17 08:35:05.189000-07:00",1.00505890496694,199708525756.4806
"2021-04-17 08:40:04.317000-07:00",1.00524124981672,198919880988.46872
"2021-04-17 08:45:03.805000-07:00",1.00553951627049,198212861939.40198
"2021-04-17 08:50:04.221000-07:00",1.00599927064602,198695822422.89255
"2021-04-17 08:55:04.198000-07:00",1.00593329047468,199068126524.1022
"2021-04-17 09:00:05.862000-07:00",1.00677710942792,198168514478.20227
"2021-04-17 09:05:04.011000-07:00",1.00763925076089,196961954629.0954
"2021-04-17 09:10:04.203000-07:00",1.0078338583342,198709578753.36926
"2021-04-17 09:15:05.701000-07:00",1.00745669097606,198679849503.13538
"2021-04-17 09:20:04.431000-07:00",1.00726701894819,198870457204.8013
"2021-04-17 09:25:04.250000-07:00",1.0073619420213,198036926249.32523
"2021-04-17 09:30:04.158000-07:00",1.00735163480494,197386870186.4773
"2021-04-17 09:35:04.041000-07:00",1.0078450619765,196700489667.83353
"2021-04-17 09:40:04.222000-07:00",1.00783761042696,196075827369.37473
"2021-04-17 09:45:04.357000-07:00",1.007949026122,195282527522.88602
"2021-04-17 09:50:04.452000-07:00",1.00807212212139,194727118074.4272
"2021-04-17 09:55:04.357000-07:00",1.0081569259325,193933045895.7421
"2021-04-17 10:00:17.805000-07:00",1.00849370673081,193004252205.08594
"2021-04-17 10:05:03.926000-07:00",1.0086272861644,192227370806.21893
"2021-04-17 10:10:03.828000-07:00",1.00867977721782,192087764598.3664
"2021-04-17 10:15:03.735000-07:00",1.00880555425642,191417566363.26837
"2021-04-17 10:20:03.787000-07:00",1.00876129815067,191272959266.0391
"2021-04-17 10:25:03.604000-07:00",1.00874986127494,190855372316.03735
"2021-04-17 10:30:04.682000-07:00",1.00877327715416,190280336511.98828
"2021-04-17 10:35:04.008000-07:00",1.00906761329213,190039476816.31894
"2021-04-17 10:40:04.379000-07:00",1.00914130819892,189814493042.11636
"2021-04-17 10:45:03.547000-07:00",1.00932359364166,189498045144.4276
"2021-04-17 10:50:03.435000-07:00",1.009591755776,188836666046.11108
"2021-04-17 10:55:04.258000-07:00",1.01022929996811,188333785379.79547
"2021-04-17 11:00:05.690000-07:00",1.011116655945,187931196725.2767
"2021-04-17 11:05:04.015000-07:00",1.01177695655169,187684691393.58133
"2021-04-17 11:10:04.222000-07:00",1.0116194255578,188578050576.97415
"2021-04-17 11:15:04.145000-07:00",1.01128604033101,188924523798.91626
"2021-04-17 11:20:04.587000-07:00",1.01059572871166,189070668260.26395
"2021-04-17 11:25:03.554000-07:00",1.01010516972843,189028806945.1849
"2021-04-17 11:30:04.297000-07:00",1.0096743623411,188764741287.84384
"2021-04-17 11:35:03.494000-07:00",1.00979563743731,188687639026.0945
"2021-04-17 11:40:03.759000-07:00",1.00925944098882,188741885323.52853
"2021-04-17 11:45:03.768000-07:00",1.0094190177454,188454639216.69675
"2021-04-17 11:50:03.872000-07:00",1.00966715896194,188264068221.44128
"2021-04-17 11:55:03.900000-07:00",1.00988640999276,187988793351.79648
"2021-04-17 12:00:05.670000-07:00",1.01010161061477,187722121487.40222
"2021-04-17 12:05:04.282000-07:00",1.00997925696138,187789903181.4265
"2021-04-17 12:10:04.381000-07:00",1.00963402724239,187763212055.25977
"2021-04-17 12:15:04.159000-07:00",1.00940834626625,187530110722.44266
"2021-04-17 12:20:04.376000-07:00",1.00930118336233,187783167460.25345
"2021-04-17 12:25:09.486000-07:00",1.01001541380293,187654157273.99814
"2021-04-17 12:30:05.570000-07:00",1.01014478506734,187516348737.70203
"2021-04-17 12:35:04.048000-07:00",1.01050870642871,187277521846.317
"2021-04-17 12:40:04.169000-07:00",1.01068021412642,187478822905.26044
"2021-04-17 12:45:04.200000-07:00",1.01072172040598,187725050249.2842
"2021-04-17 12:50:04.130000-07:00",1.01105327186523,187996517154.61374
"2021-04-17 12:55:04.041000-07:00",1.01162002436676,188031316953.30658
"2021-04-17 13:00:04.489000-07:00",1.01159145881808,187824723525.55618
"2021-04-17 13:05:03.629000-07:00",1.01140507158328,187772669101.7754
"2021-04-17 13:10:03.796000-07:00",1.01159072417825,187199485914.30243
"2021-04-17 13:15:03.772000-07:00",1.01127585288107,187210712386.4372
"2021-04-17 13:20:03.807000-07:00",1.01112825817538,187138001711.83527
"2021-04-17 13:25:03.673000-07:00",1.01103292770811,186730381874.23828
"2021-04-17 13:30:03.532000-07:00",1.01064434000303,186208407350.0781
"2021-04-17 13:35:04.366000-07:00",1.01013034489803,186068757060.2921
"2021-04-17 13:40:04.492000-07:00",1.00990436925105,186154791719.13434
"2021-04-17 13:45:03.644000-07:00",1.0097544905744,186198155657.14783
"2021-04-17 13:50:04.701000-07:00",1.00961128008956,186319665493.87628
"2021-04-17 13:55:03.679000-07:00",1.00963391809366,186258478690.5201
"2021-04-17 14:00:06.600000-07:00",1.00966005029465,186144923482.6908
"2021-04-17 14:05:04-07:00",1.00974831879615,185889417655.28635
"2021-04-17 14:10:04.395000-07:00",1.00978230745486,185761904382.0604
"2021-04-17 14:15:04.679000-07:00",1.00990924893905,185320750575.10785
"2021-04-17 14:20:04.132000-07:00",1.00981640196868,185387410262.90787
"2021-04-17 14:25:04.182000-07:00",1.00982077580375,185017677803.59497
"2021-04-17 14:30:04.877000-07:00",1.00977973339611,185084720996.32916
"2021-04-17 14:35:03.902000-07:00",1.00963796771139,185101889195.81845
"2021-04-17 14:40:04.005000-07:00",1.00972876642827,185054413828.5006
"2021-04-17 14:45:04.089000-07:00",1.00965697137179,185014879862.7118
"2021-04-17 14:50:04.069000-07:00",1.00975810905955,184960988811.9556
"2021-04-17 14:55:04.516000-07:00",1.00988536575293,184566584986.60117
"2021-04-17 15:00:04.727000-07:00",1.01003105079542,184763453927.3907
"2021-04-17 15:05:03.742000-07:00",1.01014436164909,184357780287.7095
"2021-04-17 15:10:03.997000-07:00",1.01016599427406,184268903297.37198
"2021-04-17 15:15:04.498000-07:00",1.01009614984348,184297123449.28992
"2021-04-17 15:20:04.038000-07:00",1.00988051279534,184046937707.11557
"2021-04-17 15:25:04.356000-07:00",1.01009061156637,183739265461.7992
"2021-04-17 15:30:04.332000-07:00",1.01000073827014,183363880946.54874
"2021-04-17 15:35:04.583000-07:00",1.00959317780743,183407977834.40378
"2021-04-17 15:40:03.775000-07:00",1.00986870493509,183042875837.07602
"2021-04-17 15:45:04.239000-07:00",1.00995104495023,182745546919.11673
"2021-04-17 15:50:04.083000-07:00",1.01025301990963,182840906932.00333
"2021-04-17 15:55:03.868000-07:00",1.00999207010768,182932402830.87283
"2021-04-17 16:00:08.770000-07:00",1.00978847853882,182389294606.391
"2021-04-17 16:05:04.177000-07:00",1.0098611436574,181841430321.7906
"2021-04-17 16:10:03.759000-07:00",1.00970473032633,181557788910.86908
"2021-04-17 16:15:04.080000-07:00",1.00965292970128,181292691771.62952
"2021-04-17 16:20:03.695000-07:00",1.00966780264688,180712840639.1318
"2021-04-17 16:25:03.584000-07:00",1.00968369593424,180259856187.40714
"2021-04-17 16:30:04.261000-07:00",1.01012113582384,180362507082.83316
"2021-04-17 16:35:03.836000-07:00",1.01065165496731,180000295805.96585
"2021-04-17 16:40:03.787000-07:00",1.01061311357938,179631898471.5398
"2021-04-17 16:45:03.635000-07:00",1.01070015782945,179277141357.71112
"2021-04-17 16:50:03.844000-07:00",1.01076512532985,179335397124.784
"2021-04-17 16:55:03.671000-07:00",1.01092154125612,178990758033.9699
"2021-04-17 17:00:04.363000-07:00",1.01140779146532,178327021789.7097
"2021-04-17 17:05:03.840000-07:00",1.01181151310455,178504986392.60098
"2021-04-17 17:10:03.932000-07:00",1.01183945334422,178962840295.43063
"2021-04-17 17:15:09.246000-07:00",1.01187003889954,178431251057.04224
"2021-04-17 17:20:04.176000-07:00",1.01151101402725,178068808905.0161
"2021-04-17 17:25:04.193000-07:00",1.01174760785685,177235411178.95517
"2021-04-17 17:30:10.245000-07:00",1.01218454277328,176139637574.6757
"2021-04-17 17:35:04.477000-07:00",1.01279798377348,176416945341.3645
"2021-04-17 17:40:04.708000-07:00",1.01301992217786,177765674278.55795
"2021-04-17 17:45:03.918000-07:00",1.01357874290272,177800699795.16095
"2021-04-17 17:50:04.283000-07:00",1.01324485356177,177619987715.91144
"2021-04-17 17:55:04.315000-07:00",1.01282210081689,177746128827.3753
"2021-04-17 18:00:06.887000-07:00",1.01342776982074,177476249217.28378
"2021-04-17 18:05:04.009000-07:00",1.01368363897167,177269817106.74026
"2021-04-17 18:10:04.204000-07:00",1.0135857433692,177425862484.57776
"2021-04-17 18:15:04.107000-07:00",1.01385741225067,177023356305.95728
"2021-04-17 18:20:04.295000-07:00",1.01430920226863,176519225246.54596
"2021-04-17 18:25:04.566000-07:00",1.01429901747514,177538146971.97617
"2021-04-17 18:30:03.632000-07:00",1.01374177988699,178588386434.517
"2021-04-17 18:35:03.543000-07:00",1.01420801618831,178767694784.04114
"2021-04-17 18:40:03.796000-07:00",1.01362661558338,179661059280.45792
"2021-04-17 18:45:03.918000-07:00",1.01342035573715,179583708881.83508
"2021-04-17 18:50:03.844000-07:00",1.01340026855793,179288967561.74356
"2021-04-17 18:55:03.683000-07:00",1.01326533766066,178927728850.92355
"2021-04-17 19:00:04.869000-07:00",1.01306485855093,178779748013.64447
"2021-04-17 19:05:03.536000-07:00",1.01308356537291,179095840540.79034
"2021-04-17 19:10:03.458000-07:00",1.01306856338922,178999238010.50308
"2021-04-17 19:15:04.567000-07:00",1.01303182270928,178731891662.54727
"2021-04-17 19:20:04.398000-07:00",1.01354224510166,178206638155.7187
"2021-04-17 19:25:04.029000-07:00",1.01390969000216,178854462628.212
"2021-04-17 19:30:04.531000-07:00",1.01393303941633,179355716674.99573
"2021-04-17 19:35:03.235000-07:00",1.01357596244687,179668900151.21
"2021-04-17 19:40:04.397000-07:00",1.01347232572312,179721720053.8482
"2021-04-17 19:45:04.298000-07:00",1.01364432980123,179002451796.10306
"2021-04-17 19:50:04.128000-07:00",1.01351491089314,178993178830.754
"2021-04-17 19:55:04.004000-07:00",1.01368047060183,178577076579.16516
"2021-04-17 20:00:05.141000-07:00",1.01379715065469,178329769270.2335
"2021-04-17 20:05:04.182000-07:00",1.01406701087334,178880893390.87805
"2021-04-17 20:10:04.265000-07:00",1.01436448746807,178131812959.96585
"2021-04-17 20:15:04.411000-07:00",1.01453819577781,177765144219.11005
"2021-04-17 20:20:04.447000-07:00",1.01482776784254,177992390380.8324
"2021-04-17 20:25:04.408000-07:00",1.0158453471709,176651359391.3821
"2021-04-17 20:30:04.547000-07:00",1.01631534932337,178279826029.51633
"2021-04-17 20:35:03.458000-07:00",1.01593976188188,178935788338.1398
"2021-04-17 20:40:04.381000-07:00",1.0168480709207,176243089387.97375
"2021-04-17 20:45:04.295000-07:00",1.01723452748018,179133319825.7477
"2021-04-17 20:50:04.722000-07:00",1.01734458687493,182262215017.54227
"2021-04-17 20:55:04.332000-07:00",1.01786812582383,184347244535.19717
"2021-04-17 21:00:10.346000-07:00",1.01597159771471,187810995280.30402
"2021-04-17 21:05:03.915000-07:00",1.01979915123637,189110993258.21353
"2021-04-17 21:10:04.260000-07:00",1.01715959536533,191303709380.7227
"2021-04-17 21:15:05.506000-07:00",1.01933211704058,192488285479.93747
"2021-04-17 21:20:03.774000-07:00",1.0185535447686,194155029601.0005
"2021-04-17 21:25:04.330000-07:00",1.01782197617759,194576970887.58148
"2021-04-17 21:30:04.527000-07:00",1.0192772344834,195973290433.3683
"2021-04-17 21:35:03.950000-07:00",1.02013600426252,197628463214.625
"2021-04-17 21:40:04.587000-07:00",1.01982374359559,198846961633.01862
"2021-04-17 21:45:04.308000-07:00",1.01956336843072,197249473690.24063
"2021-04-17 21:50:09.469000-07:00",1.02006133231022,197866654327.78107
"2021-04-17 21:55:05.506000-07:00",1.02035643476273,198252370668.65677
"2021-04-17 22:00:05.708000-07:00",1.01983961589419,198031197353.10175
"2021-04-17 22:05:03.851000-07:00",1.01989978779794,199000677425.1694
"2021-04-17 22:10:03.755000-07:00",1.02104771732794,201037084544.99097
"2021-04-17 22:15:03.963000-07:00",1.02104209172359,202005012270.1058
"2021-04-17 22:20:04.066000-07:00",1.02209197385203,202403124889.17044
"2021-04-17 22:25:04.177000-07:00",1.02227378721095,201911231399.77612
"2021-04-17 22:30:04.317000-07:00",1.02225474457889,202883140198.45645
"2021-04-17 22:35:04.327000-07:00",1.02225501074234,203381019173.98267
"2021-04-17 22:40:04.394000-07:00",1.02241399278033,203494296463.9671
"2021-04-17 22:45:04.270000-07:00",1.02249433899279,204383044300.61203
"2021-04-17 22:50:04.130000-07:00",1.0222127374508,205014988085.45865
"2021-04-17 22:55:04.304000-07:00",1.02209231160812,205753942868.90436
"2021-04-17 23:00:03.821000-07:00",1.0223486693178,206420179621.42346
"2021-04-17 23:05:04.044000-07:00",1.02264482850493,206327093872.42947
"2021-04-17 23:10:04.403000-07:00",1.02277298285706,207645789024.3334
"2021-04-17 23:15:03.239000-07:00",1.02225148922243,207941006406.22653
"2021-04-17 23:20:04.317000-07:00",1.02255095869979,208572486843.85187
"2021-04-17 23:25:04.386000-07:00",1.0225937782661,209356601135.3696
"2021-04-17 23:30:05.165000-07:00",1.02307014885499,209457875248.48206
"2021-04-17 23:35:03.604000-07:00",1.02330765864239,209519836813.51688
"2021-04-17 23:40:03.868000-07:00",1.02305937457492,208849266815.18472
"2021-04-17 23:45:09.157000-07:00",1.02336290691205,208877544707.53537
"2021-04-17 23:50:04.587000-07:00",1.02294898149609,209082848227.31012
"2021-04-17 23:55:07.954000-07:00",1.02252266097151,209725271663.5722
"2021-04-18 00:00:09.316000-07:00",1.0227071474356,210196364218.58582
"2021-04-18 00:05:04.057000-07:00",1.02213053197714,210830010090.0646
"2021-04-18 00:10:06.004000-07:00",1.02254565485213,211527039015.79868
"2021-04-18 00:15:04.015000-07:00",1.02319794322466,212275392625.87698
"2021-04-18 00:20:04.235000-07:00",1.02373298048009,212423248782.3653
"2021-04-18 00:25:04.080000-07:00",1.02429809725507,212895693645.64413
"2021-04-18 00:30:05.355000-07:00",1.02457178730364,213571440380.58804
"2021-04-18 00:35:03.954000-07:00",1.02517502017023,213878571342.78702
"2021-04-18 00:40:06.779000-07:00",1.0259558450134,214140394129.36652
"2021-04-18 00:45:04.283000-07:00",1.0257140694147,214935263366.49927
"2021-04-18 00:50:09.360000-07:00",1.02565309480037,214771743159.41696
"2021-04-18 00:55:04.748000-07:00",1.02535099183852,214866505765.21548
"2021-04-18 01:00:04.757000-07:00",1.02578217436363,215297654607.60678
"2021-04-18 01:05:04.225000-07:00",1.02612310923823,215319734186.3124
"2021-04-18 01:10:04.139000-07:00",1.02633528419397,214957728566.82877
"2021-04-18 01:15:03.975000-07:00",1.02694674407519,215480255783.34222
"2021-04-18 01:20:04.096000-07:00",1.02706730102788,215674253234.60522
"2021-04-18 01:25:04.042000-07:00",1.02707235467018,216212371046.93726
"2021-04-18 01:30:04.586000-07:00",1.02684071905433,216843731785.99094
"2021-04-18 01:35:04.254000-07:00",1.02710474484661,216815361832.37805
"2021-04-18 01:40:04.173000-07:00",1.02757651517782,216709416356.124
"2021-04-18 01:45:04.069000-07:00",1.02792111643054,216677799600.98074
"2021-04-18 01:50:04.053000-07:00",1,217067487227.6512
"2021-04-18 01:55:03.842000-07:00",1,210920445611.56186
"2021-04-18 02:00:04.604000-07:00",1,211464763417.0427
"2021-04-18 02:05:03.724000-07:00",1,211747938339.90665
"2021-04-18 02:10:03.662000-07:00",1,212529833401.6804
"2021-04-18 02:15:03.681000-07:00",1,211537013284.64313
"2021-04-18 02:20:03.845000-07:00",1,212061073819.2444
"2021-04-18 02:25:03.958000-07:00",1,210995081227.9753
"2021-04-18 02:30:03.907000-07:00",0.99993355797034,211105741398.43085
"2021-04-18 02:35:03.795000-07:00",0.99993083150584,210547364397.23074
"2021-04-18 02:40:03.743000-07:00",0.99982816649375,211881634024.26514
"2021-04-18 02:45:03.729000-07:00",1.00000612842436,212349207912.75626
"2021-04-18 02:50:03.634000-07:00",1.00019128573785,211751013175.5309
"2021-04-18 02:55:03.594000-07:00",0.99992299644526,211401159311.31372
"2021-04-18 03:00:04.793000-07:00",1.00001580388249,213568673318.4246
"2021-04-18 03:05:03.812000-07:00",1.00006484585409,213444692775.91745
"2021-04-18 03:10:03.738000-07:00",1.00000203806548,214453498541.3685
"2021-04-18 03:15:04.854000-07:00",1.00002686523986,214421518935.45386
"2021-04-18 03:20:03.908000-07:00",0.99988978635461,214677331423.40228
"2021-04-18 03:25:03.834000-07:00",0.99997508169438,214598910171.4755
"2021-04-18 03:30:04.385000-07:00",1.00019188163425,214743129719.0222
"2021-04-18 03:35:03.826000-07:00",0.99989067995632,215131199812.69714
"2021-04-18 03:40:03.553000-07:00",1.00002966660879,215875267472.40536
"2021-04-18 03:45:03.464000-07:00",1.00003787225869,216092639441.32092
"2021-04-18 03:50:04.824000-07:00",1.00017957722501,216322156232.82895
"2021-04-18 03:55:03.780000-07:00",0.99993106030447,216003751997.07993
"2021-04-18 04:00:07.768000-07:00",1.00012178261541,215093469631.09552
"2021-04-18 04:05:04.214000-07:00",1.00011797061304,215103569569.82712
"2021-04-18 04:10:04.149000-07:00",1.00018378313613,215725658102.30444
"2021-04-18 04:15:03.987000-07:00",0.99982616383157,215170866242.0749
"2021-04-18 04:20:04.017000-07:00",1.00008158131179,215224135426.75528
"2021-04-18 04:25:03.926000-07:00",1.00006599771539,215626622429.2931
"2021-04-18 04:30:05.758000-07:00",0.99986146463434,214634971600.7769
"2021-04-18 04:35:03.896000-07:00",0.99995850193716,213941190736.97546
"2021-04-18 04:40:03.838000-07:00",1.00016809081815,212349191877.89685
"2021-04-18 04:45:04.287000-07:00",0.99991298586844,211079829319.7738
"2021-04-18 04:50:04.095000-07:00",0.99997499324854,211587538700.3362
"2021-04-18 04:55:03.948000-07:00",0.99981149596583,211730371203.0126
"2021-04-18 05:00:07.656000-07:00",1.00010238663672,211076704192.52136
"2021-04-18 05:05:04.303000-07:00",0.99995821190483,212136276691.83466
"2021-04-18 05:10:04.462000-07:00",0.99986330203095,213415107979.83252
"2021-04-18 05:15:04.285000-07:00",1.00006814073141,213737744606.35205
"2021-04-18 05:20:04.306000-07:00",0.99989005426703,213417434856.5358
"2021-04-18 05:25:04.100000-07:00",0.99999012922316,212774500117.12784
"2021-04-18 05:30:04.505000-07:00",1.0000996555829,214413962294.7054
"2021-04-18 05:35:03.508000-07:00",1.00015972042817,214750566240.10852
"2021-04-18 05:40:03.595000-07:00",0.99986625171447,215505544840.96915
"2021-04-18 05:45:03.554000-07:00",0.99994668291991,215968526591.63153
"2021-04-18 05:50:03.379000-07:00",1.00005506112617,216059773731.21664
"2021-04-18 05:55:04.217000-07:00",0.99991451799711,216094877681.6177
"2021-04-18 06:00:05.918000-07:00",0.99988134451477,216228691206.08978
"2021-04-18 06:05:03.987000-07:00",1.00019661083643,215914480762.7424
"2021-04-18 06:10:04.229000-07:00",1.00011670690186,215894276144.39438
"2021-04-18 06:15:04.317000-07:00",0.99992010720855,216643875728.7801
"2021-04-18 06:20:03.470000-07:00",0.99980586249893,216933051784.81857
"2021-04-18 06:25:03.620000-07:00",1.00001892135444,216303607736.58566
"2021-04-18 06:30:06.672000-07:00",1.00014981361777,216410996763.31735
"2021-04-18 06:35:03.830000-07:00",1.00003256791646,216518225736.39322
"2021-04-18 06:40:03.819000-07:00",1.00003245906028,216518382368.02164
"2021-04-18 06:45:03.694000-07:00",0.99998329711025,215715689662.28055
"2021-04-18 06:50:03.422000-07:00",0.99991906031803,215755410099.1548
"2021-04-18 06:55:04.528000-07:00",0.99982240620739,216150391643.3528
"2021-04-18 07:00:04.173000-07:00",0.9999829278496,215845575492.3995
"2021-04-18 07:05:03.604000-07:00",1.00001888305662,215853319394.8555
"2021-04-18 07:10:03.512000-07:00",1.00007273438788,215719456788.48178
"2021-04-18 07:15:03.310000-07:00",1.00003794541402,215475664138.28165
"2021-04-18 07:20:03.743000-07:00",0.99985127272691,215459575853.4358
"2021-04-18 07:25:04.087000-07:00",0.99996578651906,215412755082.59485
"2021-04-18 07:30:04.838000-07:00",1.00003102183384,216395028692.44635
"2021-04-18 07:35:03.990000-07:00",0.99981598099227,216707760906.6278
"2021-04-18 07:40:03.931000-07:00",1.00005838812291,216532286930.26273
"2021-04-18 07:45:03.915000-07:00",0.99991317080123,216675456376.11392
"2021-04-18 07:50:03.905000-07:00",1.00001862906242,216631114747.47803
"2021-04-18 07:55:03.974000-07:00",1.00003314473143,216466433545.6026
"2021-04-18 08:00:06.599000-07:00",0.99988428598706,215754000216.1026
"2021-04-18 08:05:03.639000-07:00",0.99980115087783,215521278587.7555
"2021-04-18 08:10:03.522000-07:00",0.99995732352644,215304228018.50323
"2021-04-18 08:15:06.710000-07:00",1.00009246844018,215823470028.38617
"2021-04-18 08:20:03.955000-07:00",0.99989257691555,215942444485.70737
"2021-04-18 08:25:04.913000-07:00",0.9999633915078,215932189198.0315
"2021-04-18 08:30:04.414000-07:00",1.0000396895051,215988668522.711
"2021-04-18 08:35:05.740000-07:00",0.99989787535593,215909705075.60266
"2021-04-18 08:40:04.614000-07:00",1.00016814651209,215450829011.62555
"2021-04-18 08:45:04.284000-07:00",1.0001755780823,215319133614.8162
"2021-04-18 08:50:05.033000-07:00",0.99995319829995,215046530820.51608
"2021-04-18 08:55:09.844000-07:00",0.9999295096705,215476892939.55612
"2021-04-18 09:00:09.001000-07:00",0.99980086780418,216067777693.9007
"2021-04-18 09:05:04.678000-07:00",1.00018522102118,215713143143.28995
"2021-04-18 09:10:04.458000-07:00",0.99982062211658,216039225952.1406
"2021-04-18 09:15:03.466000-07:00",0.99986045881635,216384170257.8652
"2021-04-18 09:20:03.868000-07:00",1.00004210593727,216460515500.41415
"2021-04-18 09:25:03.868000-07:00",1.00013704371493,217096131985.1187
"2021-04-18 09:30:04.085000-07:00",0.9999450100501,217510605931.6456
"2021-04-18 09:35:04.995000-07:00",0.99999320752868,217433138911.94672
"2021-04-18 09:40:04.249000-07:00",0.99987689352575,217203814781.28833
"2021-04-18 09:45:04.784000-07:00",0.99987675844846,217116992224.60294
"2021-04-18 09:50:04.833000-07:00",0.99999459714755,216812994453.07144
"2021-04-18 09:55:05.284000-07:00",0.9998669820995,216561662446.2953
"2021-04-18 10:00:07.573000-07:00",1.00003195075231,216582306276.40424
"2021-04-18 10:05:05.236000-07:00",0.99986491731893,216507701430.91983
"2021-04-18 10:10:04.645000-07:00",1.00014919740218,216506729140.35367
"2021-04-18 10:15:04.559000-07:00",1.00013524733097,216889528160.88406
"2021-04-18 10:20:06.300000-07:00",1.00015343570583,216725600380.566
"2021-04-18 10:25:04.514000-07:00",1.00011091991848,216597625676.22012
"2021-04-18 10:30:08.727000-07:00",1.00013889014307,216892231890.25854
"2021-04-18 10:35:04.476000-07:00",1.00019508748621,216894436754.72482
"2021-04-18 10:40:05.984000-07:00",0.99996641101545,216891745776.5954
"2021-04-18 10:45:04.331000-07:00",1.00012815546286,216469064558.661
"2021-04-18 10:50:04.092000-07:00",1.00007305006958,216333534802.7528
"2021-04-18 10:55:04.815000-07:00",1.00002923320482,216084309004.66965
"2021-04-18 11:00:05.202000-07:00",0.99982718754509,215905235457.36853
"2021-04-18 11:05:03.589000-07:00",0.99998547634883,215714477068.889
"2021-04-18 11:10:03.354000-07:00",0.9998052034366,215418749393.33917
"2021-04-18 11:15:04.351000-07:00",1.00006668201764,215439390490.0783
"2021-04-18 11:20:03.660000-07:00",0.99990941477063,215163328005.30933
"2021-04-18 11:25:03.751000-07:00",0.99980300456929,214856536853.2659
"2021-04-18 11:30:03.653000-07:00",1.00008543772155,214836907098.0797
"2021-04-18 11:35:03.561000-07:00",0.99999850562274,214809623451.79962
"2021-04-18 11:40:03.499000-07:00",0.99993091691933,215509030304.97028
"2021-04-18 11:45:03.301000-07:00",0.99980471682775,215311807512.39648
"2021-04-18 11:50:04.175000-07:00",0.99983123462642,215671715872.9872
"2021-04-18 11:55:04.944000-07:00",0.9998643057738,216587097827.31787
"2021-04-18 12:00:05.127000-07:00",0.99989808374732,216688063091.3329
"2021-04-18 12:05:03.642000-07:00",1.0000401303643,217005189465.2298
"2021-04-18 12:10:04.451000-07:00",1.00012638122033,217336938862.85367
"2021-04-18 12:15:04.304000-07:00",1.00012939202532,217012653186.39856
"2021-04-18 12:20:04.323000-07:00",1.00018030444958,217117437969.89703
"2021-04-18 12:25:04.364000-07:00",0.99984280187072,217553968580.57062
"2021-04-18 12:30:04.535000-07:00",1.00012699856898,217450426506.98117
"2021-04-18 12:35:03.604000-07:00",1.00014159471165,217063040036.45853
"2021-04-18 12:40:04.127000-07:00",0.99987096519303,217199657023.13965
"2021-04-18 12:45:03.995000-07:00",0.99982901008923,217755308220.8457
"2021-04-18 12:50:04.207000-07:00",1.00003035980982,217827564538.22806
"2021-04-18 12:55:04.486000-07:00",1.00012941989746,217808241283.94824
"2021-04-18 13:00:09.638000-07:00",1.00006150636501,217594852838.78705
"2021-04-18 13:05:07.314000-07:00",0.99994907152941,217711922361.87195
"2021-04-18 13:10:04.402000-07:00",1.00019877958257,217791818430.52042
"2021-04-18 13:15:04.387000-07:00",1.00007602639262,218053654184.2545
"2021-04-18 13:20:03.902000-07:00",0.99999089195425,218055665074.1236
"2021-04-18 13:25:04.003000-07:00",0.99999464198452,218393613623.36948
"2021-04-18 13:30:05.839000-07:00",0.99997371606581,218391584156.9365
"2021-04-18 13:35:09.144000-07:00",0.99996068662861,218703374971.7045
"2021-04-18 13:40:04.298000-07:00",1.0001892821569,218976257080.07254
"2021-04-18 13:45:05.143000-07:00",1.00003248187176,219204980238.75977
"2021-04-18 13:50:04.295000-07:00",1.00004500780211,219306138224.07312
"2021-04-18 13:55:04.324000-07:00",0.99996671437732,219486803405.9739
"2021-04-18 14:00:08.120000-07:00",1.00004692619065,219754391887.39175
"2021-04-18 14:05:19.926000-07:00",0.99982347349324,219722309364.87698
"2021-04-18 14:10:04.352000-07:00",0.99982645878738,219931103270.51672
"2021-04-18 14:20:03.892000-07:00",1.00002790733739,220077240658.3876
"2021-04-18 14:25:03.783000-07:00",0.99983203909706,220375098834.44287
"2021-04-18 14:30:03.691000-07:00",0.9998790760993,220465616760.3519
"2021-04-18 14:35:03.711000-07:00",1.00018160037497,220478771152.2627
"2021-04-18 14:40:04.194000-07:00",0.99999996158095,220368056004.26
"2021-04-18 14:45:04.134000-07:00",0.99996780539798,219919656342.8617
"2021-04-18 14:50:05.675000-07:00",1.00005220748204,219938910660.10892
"2021-04-18 14:55:03.784000-07:00",0.99996506736048,220609639439.99585
"2021-04-18 15:00:05.277000-07:00",0.99999911250136,221559419326.88327
"2021-04-18 15:05:04.332000-07:00",1.00000144453681,221866697790.79074
"2021-04-18 15:10:04.629000-07:00",0.99996229854669,222193009881.36774
"2021-04-18 15:15:03.627000-07:00",0.99980076048148,222199217538.60938
"2021-04-18 15:20:04.159000-07:00",1.00009172993584,222221183493.691
"2021-04-18 15:25:04.675000-07:00",1.0001952297864,222609953647.37097
"2021-04-18 15:30:03.583000-07:00",1.00003926556098,223357979295.70416
"2021-04-18 15:35:03.391000-07:00",0.99985011793594,223607017210.46973
"2021-04-18 15:40:04.815000-07:00",0.99998526983549,224288964913.90292
"2021-04-18 15:45:03.783000-07:00",0.99994163772165,224729923045.75174
"2021-04-18 15:50:03.689000-07:00",0.99986588162051,224856725014.0179
"2021-04-18 15:55:03.575000-07:00",0.99990371824561,225252971875.73535
"2021-04-18 16:00:04.921000-07:00",0.99980930400203,225497393364.21243
"2021-04-18 16:05:03.987000-07:00",1.00008817936734,225663442663.20526
"2021-04-18 16:10:03.994000-07:00",0.9999185571413,225341029859.7033
"2021-04-18 16:15:03.929000-07:00",1.00014849413821,225644651801.6899
"2021-04-18 16:20:03.981000-07:00",0.99985262291857,226108982708.90823
"2021-04-18 16:25:03.907000-07:00",1.00014595373789,226361389403.0051
"2021-04-18 16:30:04.821000-07:00",1.00008999448858,226055081264.91342
"2021-04-18 16:35:04.017000-07:00",1.00005264118485,226271077357.32944
"2021-04-18 16:40:04.046000-07:00",1.00009098721519,226533801085.51813
"2021-04-18 16:45:04.238000-07:00",1.00001391422843,226571522527.78442
"2021-04-18 16:50:04.268000-07:00",0.99999055127683,226508923585.14154
"2021-04-18 16:55:04.119000-07:00",0.99996067275447,226246848128.61154
"2021-04-18 17:00:06.466000-07:00",0.99990826634578,226490033370.053
"2021-04-18 17:05:04.377000-07:00",1.00009335473048,226465137720.1418
"2021-04-18 17:10:04.416000-07:00",0.99992344765063,225544694825.82745
"2021-04-18 17:15:04.271000-07:00",1.00004633836807,225187520482.23923
"2021-04-18 17:20:04.442000-07:00",0.99996288504483,225359908957.10767
"2021-04-18 17:25:04.313000-07:00",0.99995894187159,226426607845.17307
"2021-04-18 17:30:04.421000-07:00",0.99988237112525,226177201013.56567
"2021-04-18 17:35:04.573000-07:00",0.99989457469276,225427426728.26892
"2021-04-18 17:40:03.808000-07:00",0.99995346943862,225918344339.68677
"2021-04-18 17:45:03.975000-07:00",1.00011345712072,226046420233.52844
"2021-04-18 17:50:03.946000-07:00",0.99986114099858,226311446194.44983
"2021-04-18 17:55:03.747000-07:00",0.99987603752421,226562024342.0787
"2021-04-18 18:00:05.567000-07:00",1.00012855871318,227214810704.17688
"2021-04-18 18:05:03.864000-07:00",0.99998647776314,227122151679.53854
"2021-04-18 18:10:03.792000-07:00",1.00004589212844,227588705353.54907
"2021-04-18 18:15:03.614000-07:00",0.99988787938321,228052946465.53714
"2021-04-18 18:20:03.670000-07:00",0.99989000777336,227851487692.56256
"2021-04-18 18:25:03.590000-07:00",1.00004421690957,227223494560.95514
"2021-04-18 18:30:04.015000-07:00",0.99995012153653,227291507106.40848
"2021-04-18 18:35:03.866000-07:00",0.99982061882595,227145829899.9273
"2021-04-18 18:40:04.217000-07:00",0.9999124671607,226525130326.09943
"2021-04-18 18:45:04.488000-07:00",0.9998590840399,226189658817.69168
"2021-04-18 18:50:03.557000-07:00",0.99981409171577,225765521690.89206
"2021-04-18 18:55:03.454000-07:00",0.99996495265977,225996230369.16302
"2021-04-18 19:00:04.682000-07:00",1.00000466824073,226082206201.2938
"2021-04-18 19:05:04.061000-07:00",0.99999778426225,225790003333.36255
"2021-04-18 19:10:04.451000-07:00",1.00001336930965,225699646655.0175
"2021-04-18 19:15:04.135000-07:00",1.00005866538418,225298359097.85364
"2021-04-18 19:20:03.588000-07:00",1.00017308159681,224833434870.62546
"2021-04-18 19:25:04.437000-07:00",0.99989703813659,224356738012.8261
"2021-04-18 19:30:05.881000-07:00",0.9998017937595,224398798345.20166
"2021-04-18 19:35:04.514000-07:00",0.99991987381077,224429456776.54037
"2021-04-18 19:40:04.185000-07:00",1.00001759872753,224877277541.25696
"2021-04-18 19:45:04.317000-07:00",0.99996148790156,224940164055.45743
"2021-04-18 19:50:04.602000-07:00",1.00012401583181,224729924629.6282
"2021-04-18 19:55:03.524000-07:00",0.99998048156329,224717169723.74445
"2021-04-18 20:00:04.490000-07:00",0.99994533838994,224445464165.7661
"2021-04-18 20:05:03.843000-07:00",1.00016664874913,223884373085.51834
"2021-04-18 20:10:03.988000-07:00",1.00005288215736,223462829440.4777
"2021-04-18 20:15:04.223000-07:00",0.99981101529493,222732979514.0707
"2021-04-18 20:20:05.491000-07:00",0.99995282599917,222033550171.7816
"2021-04-18 20:25:03.938000-07:00",1.00002071550019,219833375218.48306
"2021-04-18 20:30:06.643000-07:00",1.00015760356046,217451189669.0412
"2021-04-18 20:35:10.473000-07:00",0.99991012820253,216246300734.08682
"2021-04-18 20:40:11.393000-07:00",1.00006064539567,213550896570.03098
"2021-04-18 20:45:03.628000-07:00",1.00016900601637,211403495605.96265
"2021-04-18 20:50:04.023000-07:00",0.99991810855824,210259758993.50623
"2021-04-18 20:55:05.839000-07:00",1.0000109707502,208627780820.97134
"2021-04-18 21:00:05.090000-07:00",1.00002777450451,206547331066.41193
"2021-04-18 21:05:16.278000-07:00",1.00001286140569,204733436154.54236
"2021-04-18 21:10:03.343000-07:00",0.99982437291007,202695148224.3986
"2021-04-18 21:15:04.755000-07:00",0.99999656480323,201714571226.4059
"2021-04-18 21:20:03.531000-07:00",0.99980580580733,201036750297.0085
"2021-04-18 21:25:03.872000-07:00",0.9999592416236,200047977329.37103
"2021-04-18 21:30:03.897000-07:00",1.0000874479559,198919024965.28204
"2021-04-18 21:35:03.854000-07:00",0.99986233097594,198426378565.5105
"2021-04-18 21:40:09.485000-07:00",1.00016189237741,197130493380.95917
"2021-04-18 21:45:03.730000-07:00",1.00015048689056,195763108173.2505
"2021-04-18 21:50:03.994000-07:00",1.0000619605465,194973684288.3002
"2021-04-18 21:55:05.167000-07:00",0.9999364744195,194214798197.3545
"2021-04-18 22:00:06.671000-07:00",0.99999466796189,193649690294.32703
"2021-04-18 22:05:03.674000-07:00",1.0000781955772,192860752325.48785
"2021-04-18 22:10:04.183000-07:00",0.99987453934284,191813136466.1988
"2021-04-18 22:15:04.975000-07:00",0.99998792036655,191196635770.38718
"2021-04-18 22:20:04.482000-07:00",1.00012879653853,190929910727.91626
"2021-04-18 22:25:04.837000-07:00",1.00012296403866,189899049895.38657
"2021-04-18 22:30:11.522000-07:00",0.99980941017121,189656206990.05576
"2021-04-18 22:35:05.168000-07:00",1.00006104801524,189398883422.4429
"2021-04-18 22:40:06.645000-07:00",1.00016767098663,189026317304.69913
"2021-04-18 22:45:04.823000-07:00",1.00013702514334,188844385704.99854
"2021-04-18 22:50:05.011000-07:00",1.00017499462111,188658255879.881
"2021-04-18 22:55:04.532000-07:00",0.99991586324019,188336513626.27805
"2021-04-18 23:00:04.715000-07:00",1.00001688301704,187473805279.0575
"2021-04-18 23:05:04.194000-07:00",1.00015393361194,187054858288.64157
"2021-04-18 23:10:04.692000-07:00",0.99989352021567,186627297949.9225
"2021-04-18 23:15:08.268000-07:00",0.99993113767485,186273300828.9701
"2021-04-18 23:20:04.195000-07:00",1.00019251074413,186000248981.62973
"2021-04-18 23:25:04.877000-07:00",1.00013800946014,185797495462.67447
"2021-04-18 23:30:05.686000-07:00",0.99997664480494,185244982209.76782
"2021-04-18 23:35:09.834000-07:00",0.99981410126831,185060667813.72928
"2021-04-18 23:40:04.565000-07:00",1.00006165782251,184807369902.92892
"2021-04-18 23:45:05.217000-07:00",0.9999395291314,184239700784.341
"2021-04-18 23:50:09.803000-07:00",1.00002481408868,183738565084.31784
"2021-04-18 23:55:04.577000-07:00",1.00006927258814,183319219914.62372
"2021-04-19 00:00:05.356000-07:00",0.99995452647902,184050534349.0218
"2021-04-19 00:05:04.056000-07:00",1.00013334388485,184118316566.04565
"2021-04-19 00:10:09.404000-07:00",0.9998695038487,183671051095.87445
"2021-04-19 00:15:04.585000-07:00",0.999871557708,183251571191.33002
"2021-04-19 00:20:04.692000-07:00",0.99980502483864,183265099978.6262
"2021-04-19 00:25:04.352000-07:00",1.00017022880097,182839031346.60907
"2021-04-19 00:30:04.632000-07:00",0.99996071951362,182635800777.12912
"2021-04-19 00:35:05.092000-07:00",0.99985622591627,182266634123.14075
"2021-04-19 00:40:04.777000-07:00",1.00012256049411,182284801180.2492
"2021-04-19 00:45:04.611000-07:00",1.00019659457778,181966077627.57657
"2021-04-19 00:50:16.097000-07:00",1.00016602874452,181839117463.90982
"2021-04-19 00:55:09.380000-07:00",0.99986776803465,181566641529.33667
"2021-04-19 01:00:05.703000-07:00",1.00004024346461,181469252989.0158
"2021-04-19 01:05:05.065000-07:00",0.99986273275457,181195229124.62335
"2021-04-19 01:10:04.706000-07:00",0.99984562172725,180355864380.4577
"2021-04-19 01:15:03.812000-07:00",0.99984258830897,179702485186.32516
"2021-04-19 01:20:04.983000-07:00",1.00017154096564,179742690495.48416
"2021-04-19 01:25:04.779000-07:00",0.99999272944199,180099272899.42654
"2021-04-19 01:30:05.735000-07:00",1.00012689073106,179837412773.83316
"2021-04-19 01:35:04.290000-07:00",1.00012413902873,180164904558.1818
"2021-04-19 01:40:05.046000-07:00",1.00015913853703,180756844835.1015
"2021-04-19 01:45:12.744000-07:00",1.00002376885977,180239732232.0066
"2021-04-19 01:50:03.725000-07:00",0.99991541862134,180013328290.0107
"2021-04-19 01:55:03.850000-07:00",0.99990018981697,179170553304.30078
"2021-04-19 02:00:06.077000-07:00",0.99985755048876,177814377125.05
"2021-04-19 02:05:04.320000-07:00",1.00001414501575,177369653765.8398
"2021-04-19 02:10:04.593000-07:00",1.00018000169403,176707097735.071
"2021-04-19 02:15:03.804000-07:00",0.99987469406349,175642735529.2825
"2021-04-19 02:20:04.611000-07:00",0.99980610106244,175464975946.05142
"2021-04-19 02:25:04.207000-07:00",0.99990061863702,175130540657.73602
"2021-04-19 02:30:04.633000-07:00",0.99994108760105,174273981302.8096
"2021-04-19 02:35:04.992000-07:00",0.99994363097744,173801794231.71313
"2021-04-19 02:40:04.748000-07:00",1.00016239538944,173459026399.6841
"2021-04-19 02:45:04.028000-07:00",0.99998225538535,173027819076.22623
"2021-04-19 02:50:04.906000-07:00",0.99988175788271,172329423839.29495
"2021-04-19 02:55:04.816000-07:00",1.00013957665444,171560983197.16144
"2021-04-19 03:00:08.004000-07:00",1.00002373839458,171138060342.78116
"2021-04-19 03:05:04.812000-07:00",1.00013348203198,170868804434.0329
"2021-04-19 03:10:04.798000-07:00",1.00008793047878,170560262692.05865
"2021-04-19 03:15:03.652000-07:00",0.99997674335914,170146919692.03055
"2021-04-19 03:20:04.819000-07:00",0.99994855698048,170284134601.59265
"2021-04-19 03:25:04.159000-07:00",0.9998681807067,170457248766.439
"2021-04-19 03:30:04.452000-07:00",0.99987633701735,170916754334.12082
"2021-04-19 03:35:03.534000-07:00",1.00005707915184,170628831937.6986
"2021-04-19 03:40:04.570000-07:00",0.99995481165391,170577059782.95163
"2021-04-19 03:45:03.979000-07:00",0.99996435395465,171093719951.47107
"2021-04-19 03:50:04.140000-07:00",1.00005834041143,171842753304.03738
"2021-04-19 03:55:04.390000-07:00",0.99982162432349,171831988200.1392
"2021-04-19 04:00:04.799000-07:00",0.99990701044545,172572959594.08566
"2021-04-19 04:05:04.123000-07:00",1.00015417160054,173003006745.1684
"2021-04-19 04:10:04.339000-07:00",1.00003387647085,173610573404.2983
"2021-04-19 04:15:04.288000-07:00",1.00019610397952,173614022248.5219
"2021-04-19 04:20:03.467000-07:00",1.00004547522186,173883160644.22202
"2021-04-19 04:25:04.082000-07:00",0.99995537629564,174048463537.3051
"2021-04-19 04:30:07.233000-07:00",1.00003518838439,174307785247.0423
"2021-04-19 04:35:04.560000-07:00",0.99992450986109,174539018656.38858
"2021-04-19 04:40:04.019000-07:00",0.99992896916372,173984474926.614
"2021-04-19 04:45:04.472000-07:00",0.99984302754581,173332422583.1157
"2021-04-19 04:50:03.838000-07:00",1.00006894972781,173181950009.4585
"2021-04-19 04:55:04.165000-07:00",0.99983326628833,172926519528.4113
"2021-04-19 05:00:12.034000-07:00",0.99981851196148,172295483211.58606
"2021-04-19 05:05:04.650000-07:00",0.99983562228179,171385963242.25482
"2021-04-19 05:10:03.834000-07:00",0.9998450775287,170218523769.8167
"2021-04-19 05:15:04.136000-07:00",1.00004313872244,169964146761.45636
"2021-04-19 05:20:04.554000-07:00",0.99999589991955,169964286666.15762
"2021-04-19 05:25:03.760000-07:00",0.99983130946846,170070601413.1316
"2021-04-19 05:30:04.017000-07:00",1.00012723080908,169543491635.58478
"2021-04-19 05:35:04.256000-07:00",0.99985591200154,169449891770.84064
"2021-04-19 05:40:03.311000-07:00",0.99987847076423,168606214532.00266
"2021-04-19 05:45:04.425000-07:00",0.99983208571056,167830473412.4396
"2021-04-19 05:50:03.687000-07:00",0.99999552479896,167803917054.44193
"2021-04-19 05:55:03.796000-07:00",0.99996260056657,167343900137.9948
"2021-04-19 06:00:06.699000-07:00",1.00005112067983,167131857004.0424
"2021-04-19 06:05:03.703000-07:00",1.00016460388951,166813797105.01123
"2021-04-19 06:10:04.010000-07:00",1.0001006180168,167041274237.55396
"2021-04-19 06:15:04.228000-07:00",0.99988456919431,166476741748.78247
"2021-04-19 06:20:03.879000-07:00",0.99993990563294,166037112158.29272
"2021-04-19 06:25:05.249000-07:00",1.00002122719277,165036179825.53012
"2021-04-19 06:30:03.596000-07:00",1.00014724434336,165323339429.74197
"2021-04-19 06:35:03.661000-07:00",1.00006430568432,165523965709.38693
"2021-04-19 06:40:03.985000-07:00",1.00002025919223,165984859471.77036
"2021-04-19 06:45:04.748000-07:00",1.00015258954615,166121574659.84827
"2021-04-19 06:50:03.866000-07:00",0.99990767413942,165850187860.3744
"2021-04-19 06:55:04.077000-07:00",0.99995262996497,165535066782.3709
"2021-04-19 07:00:06.901000-07:00",1.00006386098224,166433466045.6177
"2021-04-19 07:05:05.403000-07:00",1.00011290495277,166110286520.99374
"2021-04-19 07:10:03.945000-07:00",1.00004046849199,165745505429.93866
"2021-04-19 07:15:04.229000-07:00",1.00007487077722,165787310884.08392
"2021-04-19 07:20:04.693000-07:00",0.9999450719599,166143659560.7391
"2021-04-19 07:25:04.019000-07:00",1.00017976374803,166006972750.01877
"2021-04-19 07:30:04.391000-07:00",1.00015002955879,165957288470.7709
"2021-04-19 07:35:03.936000-07:00",1.00000921714582,165678619354.17197
"2021-04-19 07:40:04.519000-07:00",0.99995441144364,165391402573.281
"2021-04-19 07:45:04.833000-07:00",1.00012462749363,165503804007.95865
"2021-04-19 07:50:04.549000-07:00",1.00007559123092,165594876155.35922
"2021-04-19 07:55:04.150000-07:00",1.00015573864366,167279099778.43823
"2021-04-19 08:00:08.554000-07:00",1.00012980001209,168011431365.906
"2021-04-19 08:05:04.584000-07:00",1.00009311726826,167257027404.63025
"2021-04-19 08:10:04.142000-07:00",0.99999604455312,167595763648.75684
"2021-04-19 08:15:09.548000-07:00",1.00005259796992,168834236654.301
"2021-04-19 08:20:04.210000-07:00",0.99996760836686,170251396494.46075
"2021-04-19 08:25:04.631000-07:00",1.00005972069192,170197828103.61536
"2021-04-19 08:30:04.938000-07:00",1.00001065992709,171158256703.19778
"2021-04-19 08:35:04.279000-07:00",1.00019889815625,171720764213.32535
"2021-04-19 08:40:04.461000-07:00",0.99992727381873,171333554367.6808
"2021-04-19 08:45:05.391000-07:00",1.00019871303423,171113162083.9023
"2021-04-19 08:50:03.839000-07:00",1.00016391432617,170735464910.00372
"2021-04-19 08:55:16.038000-07:00",1.00015650315359,171936116277.90018
"2021-04-19 09:00:04.547000-07:00",0.99987049700466,172375635457.57925
"2021-04-19 09:05:04.411000-07:00",0.99983631320728,169925974371.00687
"2021-04-19 09:10:03.721000-07:00",1.00013823827907,172153185377.6097
"2021-04-19 09:15:04.441000-07:00",1.00008144018455,172461913918.93884
"2021-04-19 09:20:03.857000-07:00",1.00007891181619,172754306082.43137
"2021-04-19 09:25:04.221000-07:00",0.99980131271457,173604018523.73685
"2021-04-19 09:30:10.088000-07:00",0.99980819754145,173603263869.91898
"2021-04-19 09:35:03.727000-07:00",1.0001474047771,173053564226.88867
"2021-04-19 09:40:18.855000-07:00",1.0001474985392,173329772683.66406
"2021-04-19 09:45:04.846000-07:00",0.9998317657313,173101570479.5933
"2021-04-19 09:50:04.160000-07:00",1.00019202850126,172943646707.87805
"2021-04-19 09:55:04.388000-07:00",0.99980298113158,172234564871.90454
"2021-04-19 10:00:04.601000-07:00",0.99988901973746,172572656376.53656
"2021-04-19 10:05:04.507000-07:00",1.00017143377271,172293731417.2653
"2021-04-19 10:10:04.170000-07:00",0.99981564732806,173139489706.59372
"2021-04-19 10:15:04.352000-07:00",0.99990439158473,173715659157.46597
"2021-04-19 10:20:03.842000-07:00",1.0001526264594,174088319943.52957
"2021-04-19 10:25:04.202000-07:00",0.99985515312962,174113636573.24207
"2021-04-19 10:30:07.460000-07:00",0.99986032897001,174063238154.6268
"2021-04-19 10:35:03.879000-07:00",1.00000294287822,173842708716.02643
"2021-04-19 10:40:05.204000-07:00",1.00000462263268,174005640871.47733
"2021-04-19 10:45:04.524000-07:00",1.00014944621068,174174519235.81183
"2021-04-19 10:50:03.997000-07:00",0.9998508179458,174243474983.0257
"2021-04-19 10:55:05.219000-07:00",0.99984974458118,174469412773.5334
"2021-04-19 11:05:04.308000-07:00",0.99991224589192,174794648607.23862
"2021-04-19 11:10:04.698000-07:00",0.99984899501248,175603106625.61606
"2021-04-19 11:15:04.034000-07:00",0.99999279627635,175637941176.5446
"2021-04-19 11:20:04.610000-07:00",0.99980297232912,175624178020.2515
"2021-04-19 11:25:04.221000-07:00",1.00011824724276,175666480961.1646
"2021-04-19 11:30:04.209000-07:00",1.00019186691078,175853877778.42657
"2021-04-19 11:35:05.263000-07:00",1.00015546299714,175596011289.31744
"2021-04-19 11:40:03.914000-07:00",1.00007720570075,175643218650.03162
"2021-04-19 11:45:04.403000-07:00",1.00018641431715,175823004257.99112
"2021-04-19 11:50:03.717000-07:00",1.00018709993509,175827348900.65076
"2021-04-19 11:55:04.020000-07:00",1.00005452633346,175674745468.3476
"2021-04-19 12:00:06.429000-07:00",1.0001529207873,175351702361.46634
"2021-04-19 12:05:13.893000-07:00",0.9998509438353,175105490318.4313
"2021-04-19 12:10:04.978000-07:00",1.00011542888896,175104341344.32373
"2021-04-19 12:15:04.429000-07:00",0.99980277398231,174713831281.60468
"2021-04-19 12:20:04.029000-07:00",0.99984785553506,174904186657.60217
"2021-04-19 12:25:09.867000-07:00",1.00001567634637,174900115974.37326
"2021-04-19 12:30:09.657000-07:00",1.0001510101351,174605691614.15613
"2021-04-19 12:35:04.224000-07:00",1.00000900487583,174092434728.52228
"2021-04-19 12:40:04.594000-07:00",1.00014853372461,174185755456.34506
"2021-04-19 12:45:07.203000-07:00",0.99988535457123,174531553461.55713
"2021-04-19 12:50:04.440000-07:00",1.00007371954222,174499651577.34366
"2021-04-19 12:55:10.252000-07:00",0.99993826820486,174984113424.0983
"2021-04-19 13:00:05.857000-07:00",1.00003180009993,175027689238.141
"2021-04-19 13:05:10.396000-07:00",1.00017461396699,174581156546.2155
"2021-04-19 13:10:04.836000-07:00",1.00017717204018,174497247800.66946
"2021-04-19 13:15:03.851000-07:00",1.00005320504208,174557286072.44046
"2021-04-19 13:20:04.345000-07:00",0.99982869545661,174470328998.68253
"2021-04-19 13:25:04.552000-07:00",1.00007610037835,174578508352.08536
"2021-04-19 13:30:07.485000-07:00",0.99980842700936,174589261669.728
"2021-04-19 13:35:04.547000-07:00",1.00003037587042,174466752068.32568
"2021-04-19 13:40:03.951000-07:00",1.00006764845083,174519535937.10056
"2021-04-19 13:45:04.527000-07:00",1.00000177774289,174886623620.5265
"2021-04-19 13:55:03.627000-07:00",1.00014589600829,174858105183.03732
"2021-04-19 14:00:08.268000-07:00",1.00013773881799,174546699051.01593
"2021-04-19 14:05:03.771000-07:00",0.99988443377344,174114830225.03516
"2021-04-19 14:10:04.261000-07:00",0.99986187419275,174079896637.1191
"2021-04-19 14:15:04.258000-07:00",0.99981801766373,174063328551.64487
"2021-04-19 14:20:04.382000-07:00",1.00019978010085,173786140570.9903
"2021-04-19 14:25:04.569000-07:00",1.00003439283993,173609290837.463
"2021-04-19 14:30:04.658000-07:00",1.00002836481925,173019763255.25443
"2021-04-19 14:35:04.568000-07:00",0.99982200044967,172952153081.74905
"2021-04-19 14:40:04.079000-07:00",0.99981284171092,173213139852.76227
"2021-04-19 14:45:03.974000-07:00",0.99995289225415,173585591247.57422
"2021-04-19 14:50:04.303000-07:00",1.00019835733104,173861241493.88867
"2021-04-19 14:55:04.551000-07:00",0.99988575923037,173782301122.9322
"2021-04-19 15:00:06.536000-07:00",1.00016366108223,173491697024.80237
"2021-04-19 15:05:04.466000-07:00",0.99991611554711,173031745174.81628
"2021-04-19 15:10:04.177000-07:00",0.99980738174809,172696681381.36227
"2021-04-19 15:15:04.181000-07:00",1.00001856229395,172371571210.34528
"2021-04-19 15:20:04.086000-07:00",0.99984564936967,172419085806.24246
"2021-04-19 15:25:04.372000-07:00",1.00008465549416,172585462912.41913
"2021-04-19 15:30:05.189000-07:00",1.00001781070144,172318766401.52164
"2021-04-19 15:35:03.705000-07:00",0.99988690944005,172230604672.14886
"2021-04-19 15:40:04.029000-07:00",0.9998166403798,172379310602.3507
"2021-04-19 15:45:04.700000-07:00",0.99993406008324,171982533875.44516
"2021-04-19 15:50:04.332000-07:00",0.99981117887754,171312402977.40457
"2021-04-19 15:55:03.950000-07:00",1.00010545459886,171292789813.43042
"2021-04-19 16:00:05.060000-07:00",1.00008531097969,171672785769.28964
"2021-04-19 16:05:04.148000-07:00",1.00003126480809,170780410849.10287
"2021-04-19 16:10:04.398000-07:00",0.99991440621647,170334286729.9449
"2021-04-19 16:15:03.772000-07:00",0.99987782136431,170739753087.2299
"2021-04-19 16:20:07.239000-07:00",1.00007858346582,170299044078.47916
"2021-04-19 16:25:14.370000-07:00",0.99993342554201,169925159493.99588
"2021-04-19 16:30:03.971000-07:00",1.0001079325181,169092372153.50363
"2021-04-19 16:35:04.040000-07:00",0.99989874959496,169462791060.06213
"2021-04-19 16:40:05.048000-07:00",1.00013254333135,169898812885.41705
"2021-04-19 16:45:04.697000-07:00",0.99999038162472,169804096100.06567
"2021-04-19 16:50:04.723000-07:00",1.00008029188351,170047127543.8176
"2021-04-19 16:55:08.070000-07:00",0.99982970275923,169863098214.69507
"2021-04-19 17:00:07.477000-07:00",1.00018123407856,169650906027.30344
"2021-04-19 17:05:04.537000-07:00",1.00006518190209,168819371522.95187
"2021-04-19 17:10:03.969000-07:00",1.00007973499606,167739271469.40158
"2021-04-19 17:15:08.741000-07:00",1.0001396892503,167754837629.218
"2021-04-19 17:20:04.626000-07:00",0.99996985373657,167805913226.2446
"2021-04-19 17:25:03.685000-07:00",0.99992186844212,167114069780.03366
"2021-04-19 17:30:04.294000-07:00",1.00003053678795,167456567318.524
"2021-04-19 17:35:03.810000-07:00",0.99989694989116,167405993171.4929
"2021-04-19 17:40:04.512000-07:00",1.00001079402032,166938333830.18362
"2021-04-19 17:45:03.821000-07:00",0.99986549358176,166726385420.30298
"2021-04-19 17:50:08.946000-07:00",0.99982046958645,167988812969.0443
"2021-04-19 17:55:09.745000-07:00",1.0001195630801,169143038685.39487
"2021-04-19 18:00:10.308000-07:00",1.0001841151119,169102921552.5071
"2021-04-19 18:05:04.619000-07:00",1.00017188069294,169736267655.09906
"2021-04-19 18:10:11.347000-07:00",0.99987261821885,170347844634.25406
"2021-04-19 18:15:04.091000-07:00",1.00016676538392,170897963734.3821
"2021-04-19 18:20:05.122000-07:00",0.9999263490979,171133288613.67056
"2021-04-19 18:25:04.622000-07:00",1.00007415479206,170965117485.13474
"2021-04-19 18:30:04.921000-07:00",1.00018650891181,171279443422.55255
"2021-04-19 18:35:07.707000-07:00",0.99987152652926,170631907969.65247
"2021-04-19 18:40:04.209000-07:00",1.00001411705232,170779999512.00327
"2021-04-19 18:45:03.447000-07:00",0.99983054844747,170595493648.70242
"2021-04-19 18:50:04.258000-07:00",0.99997212014571,170298516183.0488
"2021-04-19 18:55:04.300000-07:00",1.000162834407,170306320724.92188
"2021-04-19 19:00:04.906000-07:00",0.99983497626219,170981641295.35675
"2021-04-19 19:05:04.842000-07:00",1.00016174086393,170893410144.29993
"2021-04-19 19:10:03.691000-07:00",1.00000121659257,170960415287.55875
"2021-04-19 19:15:04.068000-07:00",1.00017230845661,170934687222.1646
"2021-04-19 19:20:04.294000-07:00",0.99999948473517,170951737855.95874
"2021-04-19 19:25:16.871000-07:00",0.99986012013972,170851972917.64166
"2021-04-19 19:30:05.068000-07:00",1.00000532088995,170818104510.34772
"2021-04-19 19:35:04.440000-07:00",1.00003860225882,171087109047.42157
"2021-04-19 19:40:09.245000-07:00",0.99995881649116,171625728339.99356
"2021-04-19 19:45:04.517000-07:00",0.99994125223165,172549865106.82452
"2021-04-19 19:50:09.118000-07:00",0.99986761774871,172766731084.50897
"2021-04-19 19:55:05.220000-07:00",1.00019072795705,172888154410.7302
"2021-04-19 20:00:04.538000-07:00",1.00010352930868,173423448571.93372
"2021-04-19 20:05:04.601000-07:00",1.00011077987826,136826661437.76866
"2021-04-19 20:10:09.675000-07:00",0.99994314192284,137069415529.56018
"2021-04-19 20:15:04.383000-07:00",0.99988968915024,137234157062.12473
"2021-04-19 20:20:04.109000-07:00",1.00019714379528,137464203525.69034
"2021-04-19 20:25:05.757000-07:00",1.00002431800699,137588981925.53775
"2021-04-19 20:30:15.467000-07:00",1.00006828210352,137568539268.24088
"2021-04-19 20:35:05.375000-07:00",1.00018473520603,137582575287.94394
"2021-04-19 20:40:05.687000-07:00",1.00009263965259,137749080518.31616
"2021-04-19 20:45:04.742000-07:00",0.99998708496595,138181426909.77347
"2021-04-19 20:50:04.357000-07:00",0.99981113868229,138298912986.67886
"2021-04-19 20:55:04.269000-07:00",0.9998384301703,138559792063.1205
"2021-04-19 21:00:10.226000-07:00",1.00004447516603,138774631743.3277
"2021-04-19 21:05:05.564000-07:00",1.00017230602492,138727277880.8313
"2021-04-19 21:15:03.700000-07:00",1.00015698212287,139469412241.4049
"2021-04-19 21:20:03.893000-07:00",1.00008656690729,139834790657.82977
"2021-04-19 21:25:04.416000-07:00",0.99982539355901,140187183917.97968
"2021-04-19 21:30:05.145000-07:00",0.99994062459949,140251867112.6451
"2021-04-19 21:35:05.082000-07:00",1.0001157920955,175851811683.65756
"2021-04-19 21:40:05.536000-07:00",1.0000560486062,176344419302.8354
"2021-04-19 21:50:09.253000-07:00",0.99983668103099,176864922264.32117
"2021-04-19 21:45:35.933000-07:00",0.99989547022357,176668733060.06866
"2021-04-19 21:55:06.067000-07:00",1.00003590881626,177593755854.90604
"2021-04-19 22:00:04.686000-07:00",0.99980556877973,177996747017.10687
"2021-04-19 22:05:04.119000-07:00",0.99988119591553,178159349858.75534
"2021-04-19 22:10:04.404000-07:00",0.99999197346633,178116857820.79166
"2021-04-19 22:15:05.040000-07:00",0.99998387643571,178030126700.5961
"2021-04-19 22:20:05.164000-07:00",1.00007742547319,177923686001.9146
"2021-04-19 22:25:03.438000-07:00",1.00017583408185,177640036663.07092
"2021-04-19 22:30:04.976000-07:00",1.00004973758386,177256988319.91043
"2021-04-19 22:40:04.215000-07:00",1.00006897199425,177046823854.3563
"2021-04-19 22:45:04.155000-07:00",0.9998350484803,177062756400.29013
"2021-04-19 22:50:04.251000-07:00",1.00001429774821,177367882404.9859
"2021-04-19 22:55:05.556000-07:00",0.99997457361287,177330690976.4188
"2021-04-19 23:00:07.088000-07:00",0.99997878396905,177294885885.70975
"2021-04-19 23:05:09.314000-07:00",0.99987684098069,177693555562.25024
"2021-04-19 23:10:04.228000-07:00",1.00015166386638,177942960683.04364
"2021-04-19 23:15:08.127000-07:00",0.99986727414707,177874187591.9719
"2021-04-19 23:20:04.229000-07:00",1.0000390268065,177345115682.19586
"2021-04-19 23:25:08.714000-07:00",0.99986622197637,177649518584.84192
"2021-04-19 23:30:04.119000-07:00",0.99985853609875,177616787621.09326
"2021-04-19 23:35:04.080000-07:00",1.00005867240332,177365117069.94974
"2021-04-19 23:40:04.050000-07:00",0.99990143359998,177291174430.84802
"2021-04-19 23:45:03.987000-07:00",1.00008216565714,176525180800.9251
"2021-04-19 23:50:03.815000-07:00",0.99981208239307,176752009370.41476
"2021-04-19 23:55:03.643000-07:00",1.00004386672665,176981016608.17276
"2021-04-20 00:00:05.592000-07:00",0.99991698647224,176816303448.925
"2021-04-20 00:05:03.944000-07:00",0.99988007453052,177570766801.52582
"2021-04-20 00:10:04.185000-07:00",0.99987733149137,177306893352.0615
"2021-04-20 00:15:04.207000-07:00",1.00015719522122,178666650265.01007
"2021-04-20 00:20:04.692000-07:00",1.00011802442781,178792546398.16464
"2021-04-20 00:25:03.677000-07:00",1.00017272467085,178961919494.95844
"2021-04-20 00:30:03.617000-07:00",0.99992806040001,178646526042.24548
"2021-04-20 00:35:03.703000-07:00",1.00009105802708,178711032455.9956
"2021-04-20 00:40:03.677000-07:00",1.00010799105073,177994982511.31082
"2021-04-20 00:45:03.580000-07:00",1.00005854292269,178428395431.88693
"2021-04-20 00:50:03.412000-07:00",0.99998103936959,179290864391.26303
"2021-04-20 00:55:04.245000-07:00",1.00010934566996,180083484741.016
"2021-04-20 01:00:05.922000-07:00",1.00002314406079,180318649618.66736
"2021-04-20 01:05:06.299000-07:00",1.00012471890096,180370983863.021
"2021-04-20 01:10:03.645000-07:00",0.99999835891684,180336394051.40884
"2021-04-20 01:15:03.596000-07:00",0.99988041464427,181617249644.12338
"2021-04-20 01:20:03.664000-07:00",1.00010655912811,181646791714.50394
"2021-04-20 01:25:03.569000-07:00",0.99991619016305,181321568109.9852
"2021-04-20 01:30:03.766000-07:00",1.00011880408177,181226603376.86975
"2021-04-20 01:35:03.712000-07:00",1.00019077400719,180610338625.6588
"2021-04-20 01:40:03.643000-07:00",0.99981236562545,180240963476.438
"2021-04-20 01:45:03.471000-07:00",1.0000833623029,180114615563.32275
"2021-04-20 01:50:04.251000-07:00",1.00005235741367,180632444756.0625
"2021-04-20 01:55:04.145000-07:00",0.99992154532016,181284407915.9331
"2021-04-20 02:00:05.984000-07:00",0.99994284852113,181139857832.064
"2021-04-20 02:05:03.589000-07:00",1.00013421031867,180864335754.83652
"2021-04-20 02:10:03.555000-07:00",1.00002802576057,180575936598.8263
"2021-04-20 02:15:03.608000-07:00",1.00015568851209,180089666793.6626
"2021-04-20 02:20:03.594000-07:00",1.00006031610719,180226418548.68036
"2021-04-20 02:25:03.426000-07:00",0.99985246013985,179952675846.58078
"2021-04-20 02:30:05.841000-07:00",1.00003486968472,180172013420.12207
"2021-04-20 02:35:03.810000-07:00",0.99995356078978,180369614750.68994
"2021-04-20 02:40:03.760000-07:00",0.99995396291867,180245836261.871
"2021-04-20 02:45:03.675000-07:00",0.99998597790594,180237794272.79163
"2021-04-20 02:50:03.771000-07:00",0.9998683488697,180528000846.60284
"2021-04-20 02:55:03.894000-07:00",0.99985191839091,180163842289.7205
"2021-04-20 03:00:04.324000-07:00",0.99985665562013,179658695529.34335
"2021-04-20 03:05:04.378000-07:00",1.00006481774553,179591682537.5232
"2021-04-20 03:10:03.539000-07:00",0.99999650116746,179602575858.29636
"2021-04-20 03:15:03.486000-07:00",1.00019526875937,179384008540.31003
"2021-04-20 03:20:03.788000-07:00",1.00001737434657,179075659959.6128
"2021-04-20 03:25:04.129000-07:00",1.00012692510371,180055838672.59042
"2021-04-20 03:30:04.480000-07:00",0.99993515197649,180452657683.03973
"2021-04-20 03:35:04.185000-07:00",0.99998602148476,180592201652.0115
"2021-04-20 03:40:04.309000-07:00",1.00014346341744,181013630484.5409
"2021-04-20 03:45:04.164000-07:00",1.00003203960357,181139213727.10434
"2021-04-20 03:50:04.030000-07:00",0.99997176897025,180915197507.2943
"2021-04-20 03:55:03.945000-07:00",0.99991488857381,180872436829.44177
"2021-04-20 04:00:07.642000-07:00",1.00016125069286,180472273547.13507
"2021-04-20 04:05:03.935000-07:00",1.00006754079166,180183015039.53058
"2021-04-20 04:10:04.339000-07:00",1.00008850320197,179634100062.33536
"2021-04-20 04:15:04.175000-07:00",1.00000316572735,179343712741.83038
"2021-04-20 04:20:04.262000-07:00",0.99983902512042,179006924999.8955
"2021-04-20 04:25:04.484000-07:00",1.00011377505908,178780048855.59906
"2021-04-20 04:30:05.823000-07:00",1.00016216365754,178556931407.55212
"2021-04-20 04:35:04.359000-07:00",1.00001067251388,178453017627.47064
"2021-04-20 04:40:05.288000-07:00",1.0001173498814,178567581077.40784
"2021-04-20 04:45:04.485000-07:00",0.99980097214407,178151440518.24606
"2021-04-20 04:50:03.845000-07:00",1.00015559700954,178186361092.6348
"2021-04-20 04:55:04.406000-07:00",1.00013109072893,178574802815.50403
"2021-04-20 05:00:05.743000-07:00",1.00000701459947,179222615754.3523
"2021-04-20 05:05:03.949000-07:00",1.00006288098188,178891899046.58093
"2021-04-20 05:10:05.349000-07:00",0.99987911927551,178599642642.15662
"2021-04-20 05:15:04.907000-07:00",0.99999194977489,178435806168.21237
"2021-04-20 05:20:05.159000-07:00",0.99981726756698,178373812134.3486
"2021-04-20 05:25:04.335000-07:00",0.99993234401086,178324057599.2107
"2021-04-20 05:30:05.377000-07:00",1.00014931100148,178032159708.9307
"2021-04-20 05:35:03.823000-07:00",0.99992234686691,178001666096.6844
"2021-04-20 05:40:03.769000-07:00",0.999979133212,178113612223.87872
"2021-04-20 05:45:03.747000-07:00",1.00016164435091,178167712618.68332
"2021-04-20 05:50:04.201000-07:00",1.00007228711781,177726616073.76135
"2021-04-20 06:00:05.099000-07:00",1.00010008445045,177651872093.34912
"2021-04-20 06:05:04.588000-07:00",1.0000348534077,177445188779.16592
"2021-04-20 06:10:08.222000-07:00",0.99983324330721,177262554437.35306
"2021-04-20 06:15:05.442000-07:00",0.99989301767565,177264157714.38644
"2021-04-20 06:20:04.458000-07:00",1.00017773872437,177207964858.94305
"2021-04-20 06:25:04.353000-07:00",1.00008695105609,177301171853.18726
"2021-04-20 06:30:09.180000-07:00",0.99987390807788,177040181971.0802
"2021-04-20 06:35:04.207000-07:00",1.00001126637023,177259144752.5244
"2021-04-20 06:40:04.399000-07:00",1.00007053280895,177349876663.6913
"2021-04-20 06:45:03.498000-07:00",1.00012824842625,177215295836.92004
"2021-04-20 06:50:04.525000-07:00",0.99999302503176,177425629060.99533
"2021-04-20 06:55:03.757000-07:00",1.00001284209483,177393166519.1007
"2021-04-20 07:00:06.567000-07:00",0.99992695501567,177513343511.88953
"2021-04-20 07:05:03.597000-07:00",1.00015401492577,177432101524.7262
"2021-04-20 07:10:04.200000-07:00",0.99995297601257,177431703446.84192
"2021-04-20 07:15:04.196000-07:00",1.00003020838139,177269365636.786
"2021-04-20 07:20:04.248000-07:00",0.99988174617781,177104857232.49496
"2021-04-20 07:25:04.704000-07:00",1.00007520827319,176409490433.96558
"2021-04-20 07:30:09.249000-07:00",1.00002901982956,176232765777.0389
"2021-04-20 07:35:05.167000-07:00",0.99983484146775,175434035609.17517
"2021-04-20 07:40:04.305000-07:00",0.99987163328194,174632789289.66568
"2021-04-20 07:45:04.163000-07:00",0.99994035176637,173360346577.4506
"2021-04-20 07:50:04.388000-07:00",1.00011709176273,173250931373.08014
"2021-04-20 07:55:03.455000-07:00",0.99997123198875,173144935898.6624
"2021-04-20 08:00:10.098000-07:00",0.99985026748481,172934906761.8281
"2021-04-20 08:05:04.010000-07:00",0.9998919691604,172427348915.85925
"2021-04-20 08:10:04.084000-07:00",0.99993839388123,171704212052.44208
"2021-04-20 08:15:04.094000-07:00",0.99982905011956,169853324779.90912
"2021-04-20 08:20:04.835000-07:00",1.00010659657048,169107031193.8793
"2021-04-20 08:25:03.959000-07:00",0.99980747676785,168412128554.64273
"2021-04-20 08:30:04.377000-07:00",0.99990009509733,168224765198.2753
"2021-04-20 08:35:03.886000-07:00",0.99990180267041,167965185667.656
"2021-04-20 08:40:04.025000-07:00",1.00017206315512,167348056629.1532
"2021-04-20 08:45:04.365000-07:00",0.9998653904123,167795669190.92502
"2021-04-20 08:50:03.410000-07:00",0.99984350604442,167593363094.08734
"2021-04-20 08:55:04.351000-07:00",1.00015163765979,168370553511.17322
"2021-04-20 09:00:09.236000-07:00",1.00006071894113,168229098555.02414
"2021-04-20 09:05:04.174000-07:00",0.99987321168285,166865967700.3668
"2021-04-20 09:10:04.140000-07:00",1.00009754580223,165719834539.6402
"2021-04-20 09:15:03.977000-07:00",1.00018091728785,165646315704.08218
"2021-04-20 09:20:04.228000-07:00",1.00014547728101,165575298164.3017
"2021-04-20 09:25:04.182000-07:00",1.00007616486248,164994238107.34552
"2021-04-20 09:30:05.485000-07:00",0.99994624716174,165231040318.41196
"2021-04-20 09:35:03.452000-07:00",0.9999003215635,164989391650.00092
"2021-04-20 09:40:04.356000-07:00",1.0000375278354,164587077802.5404
"2021-04-20 09:45:04.256000-07:00",1.0001081198522,164654815271.01883
"2021-04-20 09:50:04.113000-07:00",1.00002245463096,164790283211.1001
"2021-04-20 09:55:03.966000-07:00",0.99997137344389,165111880216.54636
"2021-04-20 10:00:09.403000-07:00",0.99984201342527,166174596953.32013
"2021-04-20 10:05:03.421000-07:00",0.99997985030899,166236725957.12613
"2021-04-20 10:10:04.350000-07:00",1.00003485404891,166457762570.82428
"2021-04-20 10:15:04.233000-07:00",1.00000463527638,166522594179.2853
"2021-04-20 10:20:04.759000-07:00",1.00000368559872,166292467631.4834
"2021-04-20 10:25:04.122000-07:00",0.99983685925713,166069718123.94254
"2021-04-20 10:30:04.405000-07:00",1.00007822212544,166177326042.69812
"2021-04-20 10:35:03.740000-07:00",1.00005591572286,166341618913.06427
"2021-04-20 10:40:03.733000-07:00",0.99996728649632,166151387952.26495
"2021-04-20 10:45:03.673000-07:00",1.00001913885153,166213655338.26276
"2021-04-20 10:50:03.606000-07:00",1.00016784157841,166138112240.42615
"2021-04-20 10:55:03.950000-07:00",0.99990984814862,165908084210.46893
"2021-04-20 11:00:05.178000-07:00",1.0001915615478,165905978311.77646
"2021-04-20 11:05:03.571000-07:00",1.00012552404299,165517534343.14514
"2021-04-20 11:10:03.549000-07:00",1.0000422581876,165360071939.71664
"2021-04-20 11:15:03.439000-07:00",1.00007933906088,165380489757.27164
"2021-04-20 11:20:03.604000-07:00",1.00012595909438,165370533576.81958
"2021-04-20 11:25:03.561000-07:00",1.00006868132996,165513580481.4546
"2021-04-20 11:30:03.442000-07:00",1.00010069753149,166151333368.25998
"2021-04-20 11:35:04.395000-07:00",0.99987162546876,166399229404.06683
"2021-04-20 11:40:04.402000-07:00",0.99981827167123,166271229862.26663
"2021-04-20 11:45:04.300000-07:00",0.99982603299685,166238279667.75705
"2021-04-20 11:50:04.813000-07:00",1.00013889484721,166302752127.64944
"2021-04-20 11:55:03.816000-07:00",1.00015410705807,166277319196.6865
"2021-04-20 12:00:04.581000-07:00",0.99994766061969,166421150794.82413
"2021-04-20 12:05:04.532000-07:00",0.99994059702091,166460418274.53833
"2021-04-20 12:10:04.028000-07:00",1.00001204932105,166514046322.41373
"2021-04-20 12:15:03.847000-07:00",1.00011726356075,166535767053.23138
"2021-04-20 12:20:03.875000-07:00",0.99980473446581,166576476743.92453
"2021-04-20 12:25:10.301000-07:00",1.00001910158159,166643118581.04065
"2021-04-20 12:30:05.012000-07:00",0.99988315259372,166750314926.22995
"2021-04-20 12:35:04.222000-07:00",0.99999653034946,166838513338.02692
"2021-04-20 12:40:04.423000-07:00",1.0000646826828,167185596779.20856
"2021-04-20 12:45:04.359000-07:00",1.00007329665539,167681846775.928
"2021-04-20 12:50:04.186000-07:00",0.99995299021693,168062822060.40265
"2021-04-20 12:55:04.041000-07:00",1.00010067176874,168030814898.80743
"2021-04-20 13:00:04.572000-07:00",1.00001610155272,168226426052.06128
"2021-04-20 13:05:03.931000-07:00",1.00012260766538,168443814117.9133
"2021-04-20 13:10:04.114000-07:00",0.99982735057947,168359743357.5393
"2021-04-20 13:15:04.189000-07:00",1.00019094560442,168383205920.21298
"2021-04-20 13:20:04.437000-07:00",1.00000363925012,168744256228.7863
"2021-04-20 13:25:03.550000-07:00",1.00009102584417,168977750179.6012
"2021-04-20 13:30:04.419000-07:00",0.99999896628462,168902003159.8178
"2021-04-20 13:35:04.537000-07:00",0.9999934589647,169475636098.13068
"2021-04-20 13:40:03.656000-07:00",0.99988500761327,169930454976.86203
"2021-04-20 13:45:05.700000-07:00",0.99998424474775,169586226254.51865
"2021-04-20 13:50:04.171000-07:00",1.00003549561267,169713831815.99878
"2021-04-20 13:55:04.266000-07:00",0.99985311340578,169674078624.536
"2021-04-20 14:00:07.485000-07:00",1.00015098085437,169364408058.52863
"2021-04-20 14:05:03.608000-07:00",1.00017612312823,169480646687.32626
"2021-04-20 14:10:04.274000-07:00",1.00014417477322,169588415672.07144
"2021-04-20 14:15:04.450000-07:00",1.00003472506284,169341413579.22928
"2021-04-20 14:20:03.887000-07:00",0.99999878016952,169616240625.3171
"2021-04-20 14:25:03.887000-07:00",1.00004845009135,169642557706.53513
"2021-04-20 14:30:03.716000-07:00",1.00010060048102,170013676379.9544
"2021-04-20 14:35:03.726000-07:00",1.00001943160936,170377190408.13998
"2021-04-20 14:40:06.088000-07:00",1.00006757918243,171176196328.54898
"2021-04-20 14:45:04.345000-07:00",1.00019477259469,171463822289.25012
"2021-04-20 14:50:04.295000-07:00",1.00007653302988,171546735368.15363
"2021-04-20 14:55:04.202000-07:00",1.00004901868207,171712911556.2765
"2021-04-20 15:00:11.272000-07:00",1.00019025606938,171966596189.75583
"2021-04-20 15:05:04.181000-07:00",0.99990188491774,171743999930.237
"2021-04-20 15:10:04.110000-07:00",1.00006453340101,171505286143.0749
"2021-04-20 15:15:04.070000-07:00",0.99996374357369,171698830693.1748
"2021-04-20 15:20:04.581000-07:00",1.00016409078657,171951487790.2453
"2021-04-20 15:25:04.133000-07:00",0.99980399085684,172025754784.37433
"2021-04-20 15:30:04.731000-07:00",1.00014683786999,171923219513.06006
"2021-04-20 15:35:03.779000-07:00",1.00015872341454,172133657787.82147
"2021-04-20 15:40:03.684000-07:00",0.99982869738488,172206113257.36212
"2021-04-20 15:45:03.427000-07:00",0.999954650558,172229797729.62994
"2021-04-20 15:50:04.381000-07:00",0.99990424903704,171922881771.2541
"2021-04-20 15:55:04.703000-07:00",0.99991942668904,171648960112.2321
"2021-04-20 16:00:10.514000-07:00",0.99998665356655,172118066553.70316
"2021-04-20 16:05:03.798000-07:00",1.00009766730845,171927111224.95294
"2021-04-20 16:10:04.037000-07:00",1.00010081884988,172228787747.89746
"2021-04-20 16:15:04.024000-07:00",0.99981412375433,171925991291.792
"2021-04-20 16:20:04.092000-07:00",1.00017524764224,171933709066.61765
"2021-04-20 16:25:04.142000-07:00",0.9998309929894,172269666834.4268
"2021-04-20 16:30:05.592000-07:00",1.00008821772943,172251665280.04504
"2021-04-20 16:35:03.654000-07:00",1.00003938372848,171834776171.04932
"2021-04-20 16:40:03.585000-07:00",1.00019589645793,171353583743.2035
"2021-04-20 16:45:04.229000-07:00",0.99989996867491,171419270177.96976
"2021-04-20 16:50:04.257000-07:00",0.99989390826044,171144090643.13803
"2021-04-20 16:55:04.452000-07:00",0.99994920163253,170884223743.44034
"2021-04-20 17:00:04.848000-07:00",0.99993556622333,171217954689.4927
"2021-04-20 17:05:04.439000-07:00",1.00015225825387,170857611319.45175
"2021-04-20 17:10:04.435000-07:00",1.00003432517413,170808201084.09827
"2021-04-20 17:15:04.310000-07:00",1.00006137816202,170510254217.40756
"2021-04-20 17:20:04.520000-07:00",0.99991758874806,170875141169.98477
"2021-04-20 17:25:03.850000-07:00",1.00000170560567,170947054007.60526
"2021-04-20 17:30:04.047000-07:00",0.99996572129022,170384680798.3144
"2021-04-20 17:35:03.945000-07:00",0.9999374447967,170003298304.5699
"2021-04-20 17:40:04.036000-07:00",1.00017579083089,168898963244.20123
"2021-04-20 17:45:04.021000-07:00",0.99983468685235,167486678405.0972
"2021-04-20 17:50:03.842000-07:00",0.99987119523912,166471211121.4241
"2021-04-20 17:55:03.690000-07:00",1.00018735374937,165471361339.3202
"2021-04-20 18:00:05.621000-07:00",1.00006965346769,165023358539.7995
"2021-04-20 18:05:03.837000-07:00",1.00000268033642,164603412186.58362
"2021-04-20 18:10:03.881000-07:00",0.99998191124555,164442327346.9719
"2021-04-20 18:15:03.820000-07:00",1.00012129372516,164733394842.3224
"2021-04-20 18:20:03.866000-07:00",0.99986694475495,164413127803.55426
"2021-04-20 18:25:03.795000-07:00",1.00018303810761,164472938872.54462
"2021-04-20 18:30:10.260000-07:00",1.00001693843792,164477978758.4835
"2021-04-20 18:35:03.327000-07:00",1.00004745197834,164333432417.60092
"2021-04-20 18:40:04.413000-07:00",0.9999207044599,164154272927.309
"2021-04-20 18:45:03.351000-07:00",0.99983110732578,164097970916.7669
"2021-04-20 18:50:04.345000-07:00",1.00015125928015,163573314439.2527
"2021-04-20 18:55:04.264000-07:00",0.99999481756439,163349137772.28717
"2021-04-20 19:00:04.962000-07:00",1.00015003746029,163521859666.42563
"2021-04-20 19:05:03.883000-07:00",1.00008672341545,163423671295.9455
"2021-04-20 19:10:04.111000-07:00",1.0001681809688,163332679680.60986
"2021-04-20 19:15:04.444000-07:00",1.00008119590143,163132316812.72305
"2021-04-20 19:20:04.229000-07:00",0.9998117227111,163235458529.1435
"2021-04-20 19:25:04.628000-07:00",1.00005940439809,163533128568.56674
"2021-04-20 19:30:05.085000-07:00",1.00016240121093,163094437724.7881
"2021-04-20 19:35:03.649000-07:00",0.99989179169083,162778787428.09897
"2021-04-20 19:40:03.944000-07:00",1.00013669478616,162436799730.4492
"2021-04-20 19:45:04.054000-07:00",0.99983126698033,161877589931.93253
"2021-04-20 19:50:04.334000-07:00",1.00012151675013,161850813387.04205
"2021-04-20 19:55:04.471000-07:00",1.00006302973416,161538306760.36115
"2021-04-20 20:00:05.447000-07:00",0.99980260897201,161276206383.96686
"2021-04-20 20:05:03.441000-07:00",1.00000960953222,160639588896.98334
"2021-04-20 20:10:03.628000-07:00",1.00012488227853,160402018626.22586
"2021-04-20 20:15:03.397000-07:00",0.99988972997439,160428305413.20578
"2021-04-20 20:20:03.450000-07:00",0.99980662041978,160126830837.0602
"2021-04-20 20:25:03.304000-07:00",0.99980237797025,160219386160.94678
"2021-04-20 20:30:04.399000-07:00",0.99997670643187,159926420172.66293
"2021-04-20 20:35:03.449000-07:00",0.99982833963856,159983272097.93707
"2021-04-20 20:40:04.274000-07:00",1.00003117361929,160341306257.80972
"2021-04-20 20:45:03.881000-07:00",0.99992624890868,159842879107.5989
"2021-04-20 20:50:03.873000-07:00",1.00011343118086,160067582706.6672
"2021-04-20 20:55:04.097000-07:00",1.00019058840373,159504561910.09735
"2021-04-20 21:00:05.786000-07:00",1.00008723419962,159135914697.0745
"2021-04-20 21:05:04.093000-07:00",0.99981044774919,159155604892.33813
"2021-04-20 21:10:04.093000-07:00",0.999863017645,159153014741.87262
"2021-04-20 21:15:03.950000-07:00",0.99995445319884,158922299464.8952
"2021-04-20 21:20:18.452000-07:00",1.00011445107676,159211356134.89215
"2021-04-20 21:30:06.278000-07:00",1.00007057360392,159522630978.4059
"2021-04-20 21:35:06.757000-07:00",1.00004661266486,159482645367.8994
"2021-04-20 21:40:09.837000-07:00",0.99998402589173,159196995836.7912
"2021-04-20 21:45:04.003000-07:00",1.00005471571002,158942941518.30408
"2021-04-20 21:50:03.900000-07:00",1.00011866628046,158646611086.3208
"2021-04-20 21:55:03.996000-07:00",0.99986031200045,158286080553.456
"2021-04-20 22:00:04.154000-07:00",0.99996290924025,158050060693.8788
"2021-04-20 22:05:04.151000-07:00",1.00000190925838,157520633905.50528
"2021-04-20 22:10:04.506000-07:00",0.99995604781415,157282489834.88052
"2021-04-20 22:15:05.839000-07:00",1.0000564677508,157942380339.87125
"2021-04-20 22:20:04.442000-07:00",1.00012359925145,158112211588.23874
"2021-04-20 22:25:03.613000-07:00",1.00009613117779,157835989091.45248
"2021-04-20 22:30:03.510000-07:00",1.00009548665224,158243377730.92688
"2021-04-20 22:35:04.363000-07:00",1.00005542603881,157936392734.07178
"2021-04-20 22:40:04.287000-07:00",0.99992383707143,157804011762.36765
"2021-04-20 22:45:04.576000-07:00",1.00006005126278,157806799723.9546
"2021-04-20 22:50:04.012000-07:00",0.99994959149533,157601425871.87885
"2021-04-20 22:55:04.221000-07:00",0.99980732733324,157294721623.66022
"2021-04-20 23:00:05.673000-07:00",0.99983905027809,157444939332.11328
"2021-04-20 23:05:04.582000-07:00",1.00010303892441,157332901374.2254
"2021-04-20 23:10:04.260000-07:00",1.00012920070067,156822180886.33365
"2021-04-20 23:15:04.733000-07:00",0.99992740102856,157294028090.4413
"2021-04-20 23:20:03.926000-07:00",1.00017453233676,157435898549.777
"2021-04-20 23:25:03.755000-07:00",0.99981441270788,157582652046.41064
"2021-04-20 23:30:03.894000-07:00",0.99992439544695,157939134643.79373
"2021-04-20 23:35:03.911000-07:00",1.00018957003476,157829110284.51608
"2021-04-20 23:40:04.403000-07:00",0.99987477919504,157714313451.63074
"2021-04-20 23:45:04.650000-07:00",0.99998686485939,157401453298.27094
"2021-04-20 23:50:03.592000-07:00",1.00004166686149,157030151822.60226
"2021-04-20 23:55:03.695000-07:00",1.00008234753408,156403638022.17242
"2021-04-21 00:00:04.844000-07:00",1.00018128347002,155303888544.494
"2021-04-21 00:05:03.912000-07:00",0.99997114710839,154508945681.2814
"2021-04-21 00:10:03.774000-07:00",1.00002162830082,153605790657.73343
"2021-04-21 00:15:03.587000-07:00",1.00014417274274,153077176974.95517
"2021-04-21 00:20:03.914000-07:00",1.00003018478996,153095556520.0419
"2021-04-21 00:25:04.181000-07:00",0.99985895289784,153224831376.82877
"2021-04-21 00:30:04.181000-07:00",0.99992765045906,152907331165.15918
"2021-04-21 00:35:04.151000-07:00",1.00014614440884,152678447979.1779
"2021-04-21 00:40:04.203000-07:00",0.99986506976788,152440186170.8643
"2021-04-21 00:45:04.109000-07:00",1.00016619870944,151753252445.25677
"2021-04-21 00:50:03.929000-07:00",1.00002961254577,151528527942.68704
"2021-04-21 00:55:03.771000-07:00",0.99998446789377,151256234726.48895
"2021-04-21 01:00:04.642000-07:00",0.99986685744581,150686175451.69574
"2021-04-21 01:05:03.983000-07:00",1.00011959156105,150512890794.3788
"2021-04-21 01:10:04.005000-07:00",0.9998486800841,150037790744.31958
"2021-04-21 01:15:04.233000-07:00",1.00006998221545,150210248022.326
"2021-04-21 01:20:03.707000-07:00",0.99984318689781,149857779538.86676
"2021-04-21 01:25:04.004000-07:00",1.00012035611338,150267733493.10168
"2021-04-21 01:30:05.157000-07:00",0.99997098662079,150175761896.83923
"2021-04-21 01:35:09.566000-07:00",1.0000302151509,150288961437.2424
"2021-04-21 01:40:03.896000-07:00",0.99988349622521,150492796290.41312
"2021-04-21 01:45:03.878000-07:00",0.99998263567558,150483441489.5437
"2021-04-21 01:50:03.773000-07:00",0.99999883906679,150314026852.66336
"2021-04-21 01:55:04.106000-07:00",0.99988470839961,150203868135.93985
"2021-04-21 02:00:08.208000-07:00",1.00005212130338,150117215029.88785
"2021-04-21 02:05:03.507000-07:00",1.00000936219748,149743844655.43277
"2021-04-21 02:10:03.696000-07:00",0.99984588095558,149561469878.35236
"2021-04-21 02:15:03.562000-07:00",1.0001188463314,149724189012.33835
"2021-04-21 02:20:03.629000-07:00",1.00012065949202,149471009776.86346
"2021-04-21 02:25:03.537000-07:00",1.00017950851914,149457079121.54797
"2021-04-21 02:30:03.510000-07:00",1.0001238182036,149251656829.64166
"2021-04-21 02:35:03.416000-07:00",0.99982818861627,149197480577.80487
"2021-04-21 02:40:04.387000-07:00",0.99987715074172,148701874379.6417
"2021-04-21 02:45:04.541000-07:00",0.99992696107719,148347548023.21814
"2021-04-21 02:50:03.506000-07:00",0.99982935908307,148163740862.13443
"2021-04-21 02:55:04.365000-07:00",0.99980556776988,147942984828.57
"2021-04-21 03:00:05.597000-07:00",0.99991355895395,147441346009.08734
"2021-04-21 03:05:03.798000-07:00",0.99995231190067,146843757612.90244
"2021-04-21 03:10:03.790000-07:00",0.99980766829079,146142349919.17386
"2021-04-21 03:15:03.698000-07:00",1.00019814189286,146062400528.51962
"2021-04-21 03:20:03.942000-07:00",1.00006581895407,145984830831.16797
"2021-04-21 03:25:03.952000-07:00",0.99984936441901,145499573278.59677
"2021-04-21 03:30:05.081000-07:00",0.99985699859304,144800143573.0439
"2021-04-21 03:35:04.236000-07:00",0.99991365471071,144245549334.0268
"2021-04-21 03:40:04.377000-07:00",0.99994007739736,143592439834.76218
"2021-04-21 03:45:04.293000-07:00",1.00005952524798,143384092030.65598
"2021-04-21 03:50:04.125000-07:00",0.99993184108379,143037965067.78036
"2021-04-21 03:55:03.953000-07:00",0.99989145919059,142862565104.886
"2021-04-21 04:00:05.335000-07:00",1.00009681774612,143087597355.8553
"2021-04-21 04:05:03.693000-07:00",0.99988228829871,143138857783.5538
"2021-04-21 04:10:03.548000-07:00",1.00006622311618,143437261263.9004
"2021-04-21 04:15:03.366000-07:00",0.99985706614938,143110031784.32465
"2021-04-21 04:20:03.421000-07:00",1.00011892568563,143135076179.9459
"2021-04-21 04:25:04.258000-07:00",1.00005726137175,142692296616.2543
"2021-04-21 04:30:05.821000-07:00",0.99985000034628,142556658552.22977
"2021-04-21 04:35:03.715000-07:00",1.00010746569525,142581307152.2048
"2021-04-21 04:40:05.340000-07:00",1.00014749691302,142912265119.53894
"2021-04-21 04:45:03.933000-07:00",0.99993725142612,143472100101.3578
"2021-04-21 04:50:03.911000-07:00",1.00009107170548,143008525851.48422
"2021-04-21 04:55:03.744000-07:00",1.00004519030017,143881751519.79138
"2021-04-21 05:00:04.618000-07:00",0.99996716331436,144083894303.23648
"2021-04-21 05:05:04.494000-07:00",0.99999319627564,144209837801.36346
"2021-04-21 05:10:03.629000-07:00",1.00000244974011,144233751870.86716
"2021-04-21 05:15:03.447000-07:00",0.99994812653426,144879958871.2846
"2021-04-21 05:20:03.735000-07:00",1.00007677897629,145458222371.0049
"2021-04-21 05:25:03.750000-07:00",1.00008832871816,146042769548.53137
"2021-04-21 05:30:04.648000-07:00",1.00005053862885,146971169656.92297
"2021-04-21 05:35:03.726000-07:00",1.00003017531352,147304472034.35306
"2021-04-21 05:40:03.765000-07:00",1.00014805180511,147455291728.33728
"2021-04-21 05:45:03.871000-07:00",1.00013731591353,147773153887.25815
"2021-04-21 05:50:03.783000-07:00",0.99984557892189,148104095828.54846
"2021-04-21 05:55:03.668000-07:00",1.00010762943108,148598476296.79398
"2021-04-21 06:00:04.640000-07:00",1.00010308257252,148893196258.4744
"2021-04-21 06:05:03.878000-07:00",1.0000766780915,148860994032.20303
"2021-04-21 06:10:03.840000-07:00",0.99988792986969,148740440899.0289
"2021-04-21 06:15:03.667000-07:00",0.99997096015308,148520138474.41248
"2021-04-21 06:20:03.690000-07:00",0.99986870882555,148555096352.5382
"2021-04-21 06:25:04.017000-07:00",0.99998753582146,148501734774.06763
"2021-04-21 06:30:07.023000-07:00",1.00009490804464,148454792512.75677
"2021-04-21 06:35:04.268000-07:00",1.0000727649731,148595477837.73834
"2021-04-21 06:40:04.516000-07:00",1.00012936824658,148490948286.07196
"2021-04-21 06:45:03.497000-07:00",1.0001151357622,148514792943.0126
"2021-04-21 06:50:04.464000-07:00",1.00019102902963,148365442595.4201
"2021-04-21 06:55:04.413000-07:00",0.99980959495688,147992705562.6258
"2021-04-21 07:00:08.024000-07:00",1.00003242298251,147955108616.03467
"2021-04-21 07:05:04.936000-07:00",1.0001416177929,147642145932.89395
"2021-04-21 07:10:04.043000-07:00",1.00008500105399,147124045463.84222
"2021-04-21 07:15:04.007000-07:00",0.99991238880639,146705783150.01505
"2021-04-21 07:20:04.461000-07:00",1.00012358184615,146415854494.3751
"2021-04-21 07:25:03.786000-07:00",1.00001270899424,145920232039.31192
"2021-04-21 07:30:04.078000-07:00",0.99983759627191,146082505387.25143
"2021-04-21 07:35:04.191000-07:00",1.0001361509668,146432287805.89645
"2021-04-21 07:40:04.446000-07:00",1.00001059508509,147010163877.00092
"2021-04-21 07:45:04.516000-07:00",0.99983247324864,146825307061.0129
"2021-04-21 07:50:05.011000-07:00",0.99996997223252,146449588492.92096
"2021-04-21 07:55:04.305000-07:00",0.99989624846845,146192136525.03128
"2021-04-21 08:00:08.697000-07:00",0.99986213047874,146130472155.854
"2021-04-21 08:05:03.892000-07:00",0.99994831370237,145901029440.83023
"2021-04-21 08:10:03.819000-07:00",1.00007244598087,145848068620.2307
"2021-04-21 08:15:03.838000-07:00",1.00013448141871,145897835518.84695
"2021-04-21 08:20:04.385000-07:00",0.99993241429301,145621478214.69498
"2021-04-21 08:25:04.415000-07:00",0.99986424285382,145215948249.4153
"2021-04-21 08:30:07.355000-07:00",1.00004063758343,144964062872.4439
"2021-04-21 08:35:04.412000-07:00",1.0000334983365,144840638232.88998
"2021-04-21 08:40:04.352000-07:00",0.99980950553407,144670424698.15155
"2021-04-21 08:45:04.201000-07:00",1.00005883631446,144675507783.39612
"2021-04-21 08:50:04.328000-07:00",0.99996252927442,144457741697.66125
"2021-04-21 08:55:03.951000-07:00",1.00013889633046,144587173428.9997
"2021-04-21 09:00:06.299000-07:00",0.99999740474544,144738136240.82794
"2021-04-21 09:05:04.721000-07:00",0.99998198403127,143448397128.70847
"2021-04-21 09:10:03.908000-07:00",1.00010781228016,143624220855.72498
"2021-04-21 09:15:03.754000-07:00",0.99982923490632,143480027092.8164
"2021-04-21 09:20:03.878000-07:00",0.9999721545277,143259321398.1943
"2021-04-21 09:25:03.870000-07:00",0.99982392585881,142704087628.76855
"2021-04-21 09:30:04.152000-07:00",0.99990940645088,142105447143.05072
"2021-04-21 09:35:04.134000-07:00",0.9999279251885,141831704048.21808
"2021-04-21 09:40:04.136000-07:00",1.000095555761,141613486760.1217
"2021-04-21 09:45:04.242000-07:00",1.00016171124888,141750171577.2784
"2021-04-21 09:50:04.255000-07:00",0.99984919921216,141233088822.6405
"2021-04-21 09:55:04.271000-07:00",1.00014547680245,140861235893.0046
"2021-04-21 10:00:04.599000-07:00",0.99988146233933,140631923994.32892
"2021-04-21 10:05:03.794000-07:00",1.00000208987299,140429320693.5195
"2021-04-21 10:10:04.263000-07:00",1.00003325108073,140204001940.96844
"2021-04-21 10:15:04.680000-07:00",0.99990043628128,139952583798.472
"2021-04-21 10:20:04.089000-07:00",0.9999881208689,139874632500.21863
"2021-04-21 10:25:03.931000-07:00",0.99981666324939,139708955891.05124
"2021-04-21 10:30:03.974000-07:00",0.99992281352714,139557445990.059
"2021-04-21 10:35:03.950000-07:00",0.99992335568736,139378963159.03842
"2021-04-21 10:40:03.948000-07:00",0.99981570060893,138989984773.34717
"2021-04-21 10:45:04.177000-07:00",1.0000765346991,138974808435.81616
"2021-04-21 10:50:04.009000-07:00",1.00018776297414,139209861051.74866
"2021-04-21 10:55:04.030000-07:00",0.9998709164822,139139348274.2564
"2021-04-21 11:00:05.323000-07:00",1.00004751985227,139050844420.82495
"2021-04-21 11:05:03.630000-07:00",1.00006347435444,138863207777.3596
"2021-04-21 11:10:03.657000-07:00",0.99985761583493,138585858058.5854
"2021-04-21 11:15:08.780000-07:00",1.00000607585027,138413505278.02264
"2021-04-21 11:20:05.058000-07:00",1.00009609123698,138138960397.0953
"2021-04-21 11:25:04.102000-07:00",0.99982273439944,137808003827.92188
"2021-04-21 11:30:06.022000-07:00",1.00014777590264,137589788803.84592
"2021-04-21 11:35:04.371000-07:00",1.00013160556858,137262580707.70213
"2021-04-21 11:40:03.695000-07:00",0.99985232673112,136848442639.34312
"2021-04-21 11:45:03.933000-07:00",1.00008501214276,136749169040.6897
"2021-04-21 11:50:04.775000-07:00",1.0001478163074,136668070660.82243
"2021-04-21 11:55:04.362000-07:00",0.99983502550415,136789979675.89348
"2021-04-21 12:00:11.039000-07:00",0.99991282167793,136591613175.41696
"2021-04-21 12:05:07.439000-07:00",0.9999382582242,136342877537.68102
"2021-04-21 12:10:05.423000-07:00",1.00005314210255,136248147937.38646
"2021-04-21 12:15:03.865000-07:00",1.00001632699775,136049379724.86552
"2021-04-21 12:20:17.873000-07:00",0.99984912741969,136032110385.61359
"2021-04-21 12:25:07.327000-07:00",1.00005139722822,135495057424.00998
"2021-04-21 12:30:04.358000-07:00",0.99984075222858,135281019039.29099
"2021-04-21 12:35:04.592000-07:00",1.00017967093255,135403714143.2934
"2021-04-21 12:40:09.016000-07:00",0.99984386820051,135245779172.28145
"2021-04-21 12:45:04.029000-07:00",0.99994866527735,135488537115.25345
"2021-04-21 12:50:04.204000-07:00",1.00003592054182,135243926206.79993
"2021-04-21 12:55:11.502000-07:00",0.99980573659836,135064103865.12859
"2021-04-21 13:00:06.682000-07:00",0.9999694892814,134938815770.34798
"2021-04-21 13:05:04.389000-07:00",1.00009284265535,134278920471.36575
"2021-04-21 13:10:03.619000-07:00",1.00002233308662,133698904276.34482
"2021-04-21 13:15:03.714000-07:00",0.99987730995261,133373822361.27228
"2021-04-21 13:20:04.802000-07:00",0.99988870636407,133100246304.94568
"2021-04-21 13:25:04.086000-07:00",0.99992249819534,132852428714.40533
"2021-04-21 13:30:17.580000-07:00",0.9998103906313,132510657207.1524
"2021-04-21 13:35:04.044000-07:00",1.00001622310891,132442941053.29715
"2021-04-21 13:40:04.257000-07:00",0.99997749648002,132316081799.60057
"2021-04-21 13:45:10.222000-07:00",0.99982632122889,131658238285.96591
"2021-04-21 13:50:04.161000-07:00",0.99992649814003,131779321399.10222
"2021-04-21 13:55:04.276000-07:00",0.99988944783744,131865564511.68025
"2021-04-21 14:00:08.434000-07:00",0.99984108005241,131732429294.39883
"2021-04-21 14:05:04.396000-07:00",0.99982929773603,131483695602.25412
"2021-04-21 14:10:03.838000-07:00",1.00015462436644,131154581640.35551
"2021-04-21 14:15:04.196000-07:00",0.99990567024809,130756008441.02216
"2021-04-21 14:20:04.654000-07:00",0.99992234183033,130196364571.29736
"2021-04-21 14:25:04.233000-07:00",0.99994786444023,130179175061.24373
"2021-04-21 14:30:04.373000-07:00",0.99989008967381,130119794663.45767
"2021-04-21 14:35:04.542000-07:00",0.99991332270143,130150994343.69937
"2021-04-21 14:40:03.661000-07:00",1.00005134406929,130174960495.58311
"2021-04-21 14:45:04.835000-07:00",0.99980692659702,129459191851.55203
"2021-04-21 14:50:05.449000-07:00",1.00011041793786,129223545328.80637
"2021-04-21 14:55:04.446000-07:00",0.99986103776066,129584192141.95619
"2021-04-21 15:00:04.469000-07:00",1.00019442366251,129412234604.1003
"2021-04-21 15:05:03.669000-07:00",1.00002193659076,129236397696.45386
"2021-04-21 15:10:04.557000-07:00",0.99994919674441,129300599764.80905
"2021-04-21 15:15:04.835000-07:00",1.00016697657311,129050724043.49786
"2021-04-21 15:20:04.155000-07:00",0.9998673317804,129137441582.85477
"2021-04-21 15:25:04.274000-07:00",1.00008747187877,129175148925.41827
"2021-04-21 15:30:04.811000-07:00",1.00017837901278,128559257811.1504
"2021-04-21 15:35:04.039000-07:00",1.00007394994838,128491003289.30835
"2021-04-21 15:40:04.405000-07:00",0.99997971955215,128430044712.37747
"2021-04-21 15:45:04.753000-07:00",1.00011736240716,128375068339.9384
"2021-04-21 15:50:04.656000-07:00",1.00005411592015,128779471034.47389
"2021-04-21 15:55:03.672000-07:00",1.00015196676731,128863793494.4306
"2021-04-21 16:00:06.601000-07:00",0.99984733455885,129320632696.81517
"2021-04-21 16:05:04.693000-07:00",1.00008090405677,129415401502.4174
"2021-04-21 16:10:04.207000-07:00",0.99990222871322,129192425007.46185
"2021-04-21 16:15:04.484000-07:00",1.00012584625042,129141257872.5123
"2021-04-21 16:20:03.569000-07:00",0.99984071986817,129377843017.5236
"2021-04-21 16:25:03.411000-07:00",0.99991661980096,129930885497.6918
"2021-04-21 16:30:06.018000-07:00",0.99991305225625,130325192468.5147
"2021-04-21 16:35:04.130000-07:00",0.99989685320591,130391049632.37653
"2021-04-21 16:40:04.194000-07:00",1.00005993849842,130775566649.05916
"2021-04-21 16:45:04.110000-07:00",0.99987263748181,130925389308.14258
"2021-04-21 16:50:04.130000-07:00",1.00012832817032,130837350580.32951
"2021-04-21 16:55:04.173000-07:00",0.99990153795226,130529166384.65111
"2021-04-21 17:00:04.488000-07:00",1.00003713800029,130527288470.91145
"2021-04-21 17:05:03.819000-07:00",0.99994811712931,129968755005.79004
"2021-04-21 17:10:03.977000-07:00",1.00004970925654,129815193403.54703
"2021-04-21 17:15:04.218000-07:00",1.00000016136841,130038868271.35005
"2021-04-21 17:20:03.544000-07:00",1.00001164957646,130530470392.80925
"2021-04-21 17:25:05.742000-07:00",0.99991914127703,131290070876.67021
"2021-04-21 17:30:08.669000-07:00",1.00008205407625,131243205873.3932
"2021-04-21 17:35:08.052000-07:00",1.00004055906986,131533226337.35207
"2021-04-21 17:40:04.618000-07:00",1.00006363151071,131545097024.1955
"2021-04-21 17:45:03.555000-07:00",0.99987692621466,131703007736.20683
"2021-04-21 17:50:08.859000-07:00",0.99980618474207,131654058677.62909
"2021-04-21 17:55:03.911000-07:00",1.00007066819942,131607067578.4019
"2021-04-21 18:00:05.340000-07:00",0.99989288387653,130863220728.3184
"2021-04-21 18:05:03.769000-07:00",1.00001468257076,130807829899.64417
"2021-04-21 18:10:03.940000-07:00",0.99998868543214,130825575189.18826
"2021-04-21 18:15:03.814000-07:00",0.99988350379828,131124941211.30098
"2021-04-21 18:20:04.080000-07:00",0.99983446919205,131263182483.2888
"2021-04-21 18:25:04.131000-07:00",0.9999666375119,131263596106.87724
"2021-04-21 18:30:04.199000-07:00",1.00012073850061,131286948907.73796
"2021-04-21 18:35:04.283000-07:00",1.0000401073496,131135487700.42336
"2021-04-21 18:40:04.157000-07:00",1.00004590895361,131001580097.34793
"2021-04-21 18:45:04.114000-07:00",0.99987841757052,130821979441.95172
"2021-04-21 18:50:03.952000-07:00",1.00006493578537,130840917311.98615
"2021-04-21 18:55:03.735000-07:00",1.00001347991156,130734884656.62598
"2021-04-21 19:00:03.916000-07:00",1.00001065045427,130289208441.49629
"2021-04-21 19:05:04.103000-07:00",1.00002958281325,129746619959.87422
"2021-04-21 19:10:03.886000-07:00",1.00005674506428,129734270842.27434
"2021-04-21 19:15:03.721000-07:00",0.99981982087324,130466014379.53873
"2021-04-21 19:20:03.673000-07:00",0.9998178035547,130974046563.53976
"2021-04-21 19:25:06.579000-07:00",1.00006313701909,131564296540.19756
"2021-04-21 19:30:04.134000-07:00",1.00004839911386,132624226404.96814
"2021-04-21 19:35:04.236000-07:00",0.99987541616391,133600283894.14114
"2021-04-21 19:40:04.152000-07:00",0.99999773761818,134067238045.98082
"2021-04-21 19:45:03.965000-07:00",1.00004201216839,134453203078.52695
"2021-04-21 19:50:03.810000-07:00",0.99996398876605,134833291368.31737
"2021-04-21 19:55:03.683000-07:00",0.99986459014804,135019429136.35927
"2021-04-21 20:00:03.934000-07:00",0.99995959409161,135164870817.58931
"2021-04-21 20:05:04.265000-07:00",1.00015541880843,135126175110.98529
"2021-04-21 20:10:04.118000-07:00",0.99992724909902,135326202366.23073
"2021-04-21 20:15:03.917000-07:00",1.00002714812607,135485409377.66907
"2021-04-21 20:20:04.054000-07:00",0.99996702013514,135418485857.03033
"2021-04-21 20:25:04.158000-07:00",1.00011283323245,135577238959.73962
"2021-04-21 20:30:04.482000-07:00",1.00002760152536,135396377607.38745
"2021-04-21 20:35:03.516000-07:00",1.00004908781266,135219228752.29262
"2021-04-21 20:40:03.768000-07:00",0.99980638050076,135002524623.20866
"2021-04-21 20:45:03.869000-07:00",0.99992571575408,135326421582.84966
"2021-04-21 20:50:04.121000-07:00",0.99989224977075,135158581984.29099
"2021-04-21 20:55:04.624000-07:00",0.9999575891516,135113534464.96498
"2021-04-21 21:00:04.106000-07:00",0.9998595688661,135595664922.56451
"2021-04-21 21:05:03.873000-07:00",0.99989467068471,135767380489.97224
"2021-04-21 21:10:03.790000-07:00",0.99992514457738,136246860962.76443
"2021-04-21 21:15:04.135000-07:00",1.00016173809251,136188559735.6047
"2021-04-21 21:20:03.987000-07:00",1.00018427424416,136264173962.99321
"2021-04-21 21:25:04.229000-07:00",1.00006336004382,136285271105.19955
"2021-04-21 21:30:09.591000-07:00",1.00010574676562,136647900002.59816
"2021-04-21 21:35:03.543000-07:00",1.00002314549744,136672959232.1676
"2021-04-21 21:40:03.418000-07:00",0.9998227839806,136438564489.7731
"2021-04-21 21:45:04.238000-07:00",0.99980106558094,136199101283.24551
"2021-04-21 21:50:04.253000-07:00",0.99984588683354,136273088131.35132
"2021-04-21 21:55:04.302000-07:00",1.00014123085026,136629890602.08978
"2021-04-21 22:00:06.745000-07:00",1.00019464759997,136937408786.70087
"2021-04-21 22:05:04.308000-07:00",1.00006116978126,136919603515.11414
"2021-04-21 22:10:04.123000-07:00",1.00012318684594,136665383708.36984
"2021-04-21 22:15:04.271000-07:00",1.00017906962532,136814654383.96103
"2021-04-21 22:20:03.548000-07:00",1.00010204505911,136658950882.80981
"2021-04-21 22:25:03.368000-07:00",1.0000722474623,136480281650.35382
"2021-04-21 22:30:04.718000-07:00",1.00013016016518,136479509193.52686
"2021-04-21 22:35:03.752000-07:00",0.99992276100839,136334627926.6398
"2021-04-21 22:40:03.629000-07:00",0.99982699434731,136423415994.25865
"2021-04-21 22:45:03.493000-07:00",0.99993095416117,136503834753.65694
"2021-04-21 22:50:03.786000-07:00",0.99980429256242,136562109824.42245
"2021-04-21 22:55:04.092000-07:00",1.00008889922504,136975080428.75905
"2021-04-21 23:00:10.976000-07:00",0.99983993406783,137540862317.0394
"2021-04-21 23:05:04.145000-07:00",0.99993011330978,137755839016.82248
"2021-04-21 23:10:04.331000-07:00",1.00001591528645,137694898671.82263
"2021-04-21 23:15:03.376000-07:00",1.00012621870405,137954575561.30615
"2021-04-21 23:20:03.415000-07:00",1.00017733949761,138024383169.7777
"2021-04-21 23:25:04.284000-07:00",0.99983355965022,138307413215.25302
"2021-04-21 23:30:04.540000-07:00",1.00003083106402,138161071540.35953
"2021-04-21 23:35:03.515000-07:00",0.99988938049976,137633549202.4882
"2021-04-21 23:40:03.413000-07:00",0.99983283258726,137747666561.72873
"2021-04-21 23:45:03.416000-07:00",1.00017231694186,137781477056.29425
"2021-04-21 23:50:04.880000-07:00",1.00001967183836,137562091988.88416
"2021-04-21 23:55:03.858000-07:00",0.9999667391285,137457831709.7268
"2021-04-22 00:00:11.270000-07:00",0.99984162763262,137454980538.03412
"2021-04-22 00:05:03.732000-07:00",0.99982353788598,137295557819.46124
"2021-04-22 00:10:03.587000-07:00",0.99982053531888,137339277837.95514
"2021-04-22 00:15:03.417000-07:00",0.99998872703029,137407769464.8539
"2021-04-22 00:20:03.658000-07:00",0.99989846287051,137374242613.25124
"2021-04-22 00:25:03.797000-07:00",1.00011576409447,137385004072.47838
"2021-04-22 00:30:04.709000-07:00",0.99991820777895,137470813721.25098
"2021-04-22 00:35:03.844000-07:00",1.00006542491725,137510015758.49026
"2021-04-22 00:40:04.094000-07:00",1.00015990306673,137299618157.45667
"2021-04-22 00:45:04.384000-07:00",1.00007291915601,137065847433.09145
"2021-04-22 00:50:04.457000-07:00",1.00009056343152,137180369288.52203
"2021-04-22 00:55:04.347000-07:00",0.9999514824056,136893686588.66458
"2021-04-22 01:00:07.984000-07:00",1.00007642343311,137135751912.57994
"2021-04-22 01:05:04.335000-07:00",1.00007445414715,136925934125.12589
"2021-04-22 01:10:04.441000-07:00",0.99996733341702,136448973651.33386
"2021-04-22 01:15:04.636000-07:00",1.00005407403535,136380677056.03838
"2021-04-22 01:20:04.033000-07:00",0.99986682237537,136149205266.55751
"2021-04-22 01:25:09.229000-07:00",0.9999835083053,136221930026.79036
"2021-04-22 01:30:05.436000-07:00",1.00005961481891,135989397343.08728
"2021-04-22 01:35:04.344000-07:00",0.99986811277583,136271490031.56967
"2021-04-22 01:40:04.371000-07:00",0.99980036267536,136275947981.2776
"2021-04-22 01:45:04.624000-07:00",1.00006395216653,136341226265.63165
"2021-04-22 01:50:04.612000-07:00",1.00012154799517,136628504263.714
"2021-04-22 01:55:03.814000-07:00",1.0000923980084,137886590069.08722
"2021-04-22 02:00:05.616000-07:00",1.00009612812557,137368388289.9525
"2021-04-22 02:05:04.259000-07:00",0.99996302677034,137979883267.1819
"2021-04-22 02:10:04.646000-07:00",0.99994433192335,138101226022.16083
"2021-04-22 02:15:03.762000-07:00",1.00019000702499,138399618855.26096
"2021-04-22 02:20:04.066000-07:00",1.00004871648808,138674126840.50186
"2021-04-22 02:25:04.309000-07:00",0.99984223945543,139309507364.5707
"2021-04-22 02:30:04.417000-07:00",1.00013966275532,139557014471.63464
"2021-04-22 02:35:04.426000-07:00",1.00013427886096,139604619349.6723
"2021-04-22 02:40:04.724000-07:00",1.00004031474341,140634711022.6573
"2021-04-22 02:45:03.771000-07:00",0.99998070753083,140962250582.04202
"2021-04-22 02:50:03.663000-07:00",0.99993083020718,140923724904.39917
"2021-04-22 02:55:03.673000-07:00",0.99985030634731,141331001020.85233
"2021-04-22 03:00:04.731000-07:00",0.99992202354397,141867423196.5058
"2021-04-22 03:05:04.406000-07:00",1.00006682273062,141905953785.02042
"2021-04-22 03:10:03.395000-07:00",1.00016805793269,141712966757.16406
"2021-04-22 03:15:04.276000-07:00",0.99981646296537,141493605633.05704
"2021-04-22 03:20:04.452000-07:00",0.99988936434968,141536017809.27823
"2021-04-22 03:25:04.361000-07:00",0.99983683810998,141595834687.15433
"2021-04-22 03:30:04.343000-07:00",0.99986340755743,142257527160.0427
"2021-04-22 03:35:04.327000-07:00",0.99998260940304,142151169708.89886
"2021-04-22 03:40:04.500000-07:00",1.000093839755,141851564013.68506
"2021-04-22 03:45:03.727000-07:00",1.00019933391902,141927580712.9117
"2021-04-22 03:50:03.718000-07:00",0.99991191541651,141808751020.77405
"2021-04-22 03:55:03.704000-07:00",1.00014254103203,141501220397.84616
"2021-04-22 04:00:04.424000-07:00",1.0000097945213,141092998855.94608
"2021-04-22 04:05:03.908000-07:00",1.00006147061078,140969267560.0542
"2021-04-22 04:10:04.194000-07:00",1.00016649810931,141103967345.95392
"2021-04-22 04:15:04.094000-07:00",0.99994004257785,141431602538.1299
"2021-04-22 04:20:04.280000-07:00",1.00012911190174,141934849843.7784
"2021-04-22 04:25:04.145000-07:00",1.00016474000751,142898250916.87134
"2021-04-22 04:30:04.433000-07:00",1.00011285712125,143668252857.41556
"2021-04-22 04:35:03.656000-07:00",1.00001608883988,143494188553.73538
"2021-04-22 04:40:03.623000-07:00",0.99996954355756,143691594415.02298
"2021-04-22 04:45:03.478000-07:00",0.99983714823091,143553612693.94812
"2021-04-22 04:50:04.430000-07:00",1.00006299105655,143459735308.93283
"2021-04-22 04:55:04.239000-07:00",1.00015494394678,143079731901.43655
"2021-04-22 05:00:05.922000-07:00",0.99989715018945,142924874593.62183
"2021-04-22 05:05:03.795000-07:00",0.99996121104568,143115839641.4964
"2021-04-22 05:10:04.029000-07:00",1.00011570656515,143494521890.96613
"2021-04-22 05:15:03.975000-07:00",0.99982721440489,143461656812.4958
"2021-04-22 05:20:04.610000-07:00",1.00006116831074,143312582695.40564
"2021-04-22 05:25:03.626000-07:00",1.00004708385924,143497315331.985
"2021-04-22 05:30:03.752000-07:00",0.99983927857162,143010048232.679
"2021-04-22 05:35:04.124000-07:00",1.0001087977125,142857136799.50543
"2021-04-22 05:40:04.230000-07:00",0.99993747657426,143415198619.44693
"2021-04-22 05:45:04.434000-07:00",1.00008228154686,143271746704.563
"2021-04-22 05:50:03.359000-07:00",0.99999813204258,143221764961.0648
"2021-04-22 05:55:04.399000-07:00",0.99990098961305,142990950974.7188
"2021-04-22 06:00:05.160000-07:00",0.99985793736213,143197687237.94754
"2021-04-22 06:05:03.624000-07:00",0.99987315466874,143055530980.82864
"2021-04-22 06:10:03.681000-07:00",0.99992531663077,143134642659.33392
"2021-04-22 06:15:03.611000-07:00",1.00012299493395,143308662846.09967
"2021-04-22 06:20:04.350000-07:00",1.00018385765997,143502437582.8385
"2021-04-22 06:25:04.576000-07:00",0.99983076067222,143740384412.39285
"2021-04-22 06:30:03.599000-07:00",1.00015036758298,143841191105.9583
"2021-04-22 06:35:03.633000-07:00",1.0000749535245,144147572937.58133
"2021-04-22 06:40:03.552000-07:00",1.00012634828662,144042134405.11014
"2021-04-22 06:45:03.482000-07:00",0.99996313349482,143584446787.44608
"2021-04-22 06:50:04.882000-07:00",0.99993361797056,143605095641.61523
"2021-04-22 06:55:04.325000-07:00",1.00003443042282,143628117609.75317
"2021-04-22 07:00:08.383000-07:00",0.99999136425565,143724671595.9781
"2021-04-22 07:05:03.793000-07:00",1.00014168341012,143618766657.26413
"2021-04-22 07:10:03.850000-07:00",0.99994741707825,143930426824.2485
"2021-04-22 07:15:03.884000-07:00",1.00007943701567,144395351686.47504
"2021-04-22 07:20:04.102000-07:00",0.99992399839586,144291194499.50482
"2021-04-22 07:25:04.067000-07:00",1.00008299822387,144448274174.9017
"2021-04-22 07:30:04.557000-07:00",1.000085117095,144380339690.21628
"2021-04-22 07:35:03.581000-07:00",0.99981782244685,144514486466.1042
"2021-04-22 07:40:03.670000-07:00",1.00013943510634,143997504658.99686
"2021-04-22 07:45:03.688000-07:00",1.00013879807351,143908173297.2484
"2021-04-22 07:50:03.783000-07:00",1.00004860731281,143795607516.61404
"2021-04-22 07:55:03.671000-07:00",1.00019073327533,143932840556.45892
"2021-04-22 08:00:04.305000-07:00",1.00019446269849,143977938242.8557
"2021-04-22 08:05:03.282000-07:00",1.00011757484927,143679234550.79956
"2021-04-22 08:10:04.700000-07:00",1.00011326581382,143389232816.97333
"2021-04-22 08:15:04.050000-07:00",1.00008911991747,142940096241.07858
"2021-04-22 08:20:04.254000-07:00",1.00001959983502,142891355839.07916
"2021-04-22 08:25:04.179000-07:00",1.00010874870933,142826587578.68677
"2021-04-22 08:30:04.213000-07:00",0.99984025057441,142549510368.78024
"2021-04-22 08:35:04.283000-07:00",0.99993304115246,142504745691.90717
"2021-04-22 08:40:04.445000-07:00",1.0001201476128,142456885623.3827
"2021-04-22 08:45:03.766000-07:00",1.00010283157715,142391180655.8206
"2021-04-22 08:50:03.849000-07:00",0.99985116726936,142233191324.08365
"2021-04-22 08:55:04.122000-07:00",0.99985720718133,142414613066.3057
"2021-04-22 09:00:05.330000-07:00",0.99981900740915,142533397547.9324
"2021-04-22 09:05:04.968000-07:00",1.0000459771255,142233728386.59448
"2021-04-22 09:10:04.064000-07:00",1.0000380167513,142034969081.81082
"2021-04-22 09:15:04.173000-07:00",0.99996108629332,142010311799.34918
"2021-04-22 09:20:04.444000-07:00",0.99988852023831,142042808710.3749
"2021-04-22 09:25:04.546000-07:00",0.99996940845519,142372723997.18304
"2021-04-22 09:30:04.192000-07:00",0.9998559427048,142448072342.42215
"2021-04-22 09:35:04.383000-07:00",0.99981801437923,142533292810.4837
"2021-04-22 09:40:04.538000-07:00",1.00009680081871,142400367423.84305
"2021-04-22 09:45:03.548000-07:00",1.00008773923466,142457385492.18784
"2021-04-22 09:50:04.773000-07:00",1.00000813702334,142440938028.4265
"2021-04-22 09:55:03.784000-07:00",0.99989619777032,142659886242.54248
"2021-04-22 10:00:04.105000-07:00",0.99995206625623,142884315322.21503
"2021-04-22 10:05:04.209000-07:00",0.99989018906147,142970574456.30432
"2021-04-22 10:10:04.337000-07:00",1.0000833667312,142925257707.9149
"2021-04-22 10:15:04.360000-07:00",0.99981113582232,142866687213.55228
"2021-04-22 10:20:04.357000-07:00",0.99982367946959,142970503924.02194
"2021-04-22 10:25:04.374000-07:00",0.99993832517846,143089441513.22037
"2021-04-22 10:30:04.894000-07:00",0.99986066261708,143762961157.7662
"2021-04-22 10:35:03.918000-07:00",0.9999407033922,143716600219.81464
"2021-04-22 10:40:03.995000-07:00",0.99999300301589,143714212855.7682
"2021-04-22 10:45:03.861000-07:00",0.99985091385019,143735949576.75302
"2021-04-22 10:50:03.933000-07:00",1.00001908272491,143785373794.10248
"2021-04-22 10:55:03.876000-07:00",1.00014680586374,144046839974.37927
"2021-04-22 11:00:05.324000-07:00",1.00016141044927,144247258376.22858
"2021-04-22 11:05:04.499000-07:00",0.99984905608391,144325599102.42444
"2021-04-22 11:10:03.694000-07:00",1.00008404019287,145880889314.9518
"2021-04-22 11:15:03.804000-07:00",0.9998339444928,146563180219.95905
"2021-04-22 11:20:04.140000-07:00",0.99989365303959,146744037093.94348
"2021-04-22 11:25:04.053000-07:00",1.00003903946049,147404746176.36246
"2021-04-22 11:30:04.626000-07:00",0.99984009487742,148252143035.67032
"2021-04-22 11:35:03.587000-07:00",0.99989457691503,149128639263.4446
"2021-04-22 11:40:03.561000-07:00",0.99990899398,149723625123.60297
"2021-04-22 11:45:03.456000-07:00",1.00019820011572,150182999966.21317
"2021-04-22 11:50:04.235000-07:00",1.00017610631211,150408719284.67062
"2021-04-22 11:55:04.816000-07:00",0.99993132482737,150281730537.53757
"2021-04-22 12:00:09.540000-07:00",0.9999124884987,150443756529.22662
"2021-04-22 12:05:08.772000-07:00",1.00018697581993,150221882488.48065
"2021-04-22 12:10:04.309000-07:00",0.99985338134601,150482154406.76947
"2021-04-22 12:15:04.573000-07:00",1.00004701468528,150186014249.8218
"2021-04-22 12:20:04.254000-07:00",1.00015914244789,150143738767.79175
"2021-04-22 12:25:03.707000-07:00",0.99990205204711,151341643559.39316
"2021-04-22 12:30:04.549000-07:00",0.99981499330799,152297835616.94016
"2021-04-22 12:35:03.756000-07:00",0.99993087371474,153005117529.68195
"2021-04-22 12:40:03.811000-07:00",0.99987185686833,153552938356.19843
"2021-04-22 12:45:03.884000-07:00",1.00018129839694,154119467512.40445
"2021-04-22 12:50:04.111000-07:00",0.99985342969719,154070201140.939
"2021-04-22 12:55:04.279000-07:00",0.99995926885081,154238518763.29202
"2021-04-22 13:00:06.213000-07:00",1.00016382542637,154346011127.28934
"2021-04-22 13:05:04.337000-07:00",0.99985742050457,153762541921.18243
"2021-04-22 13:10:04.851000-07:00",1.00014962769077,153965545202.29987
"2021-04-22 13:15:04.109000-07:00",1.00001470432432,154355881726.8996
"2021-04-22 13:20:09.758000-07:00",0.99986333429763,154271250697.66547
"2021-04-22 13:25:04.231000-07:00",0.99988111309617,154084945719.60193
"2021-04-22 13:30:04.361000-07:00",0.9998874239939,153816163116.51184
"2021-04-22 13:35:04.634000-07:00",0.99998366449177,154818946534.68045
"2021-04-22 13:40:03.661000-07:00",0.999983192214,155047965054.99707
"2021-04-22 13:45:03.552000-07:00",0.99985595584156,155536671368.2759
"2021-04-22 13:50:03.522000-07:00",0.9999953381701,155662973178.97614
"2021-04-22 13:55:03.957000-07:00",1.00011928465209,155753889635.0579
"2021-04-22 14:00:04.296000-07:00",0.99981523887086,156755134631.5685
"2021-04-22 14:05:04.300000-07:00",0.99980479005213,156160490807.6828
"2021-04-22 14:10:09.780000-07:00",0.99981563251557,156589660849.24008
"2021-04-22 14:15:04.198000-07:00",1.00016313643844,157029870457.28214
"2021-04-22 14:20:08.947000-07:00",1.00010352284563,160400053225.74982
"2021-04-22 14:25:03.903000-07:00",1.0001290505466,162407879262.80988
"2021-04-22 14:30:03.798000-07:00",1.00005821261279,163103437147.6592
"2021-04-22 14:35:03.685000-07:00",1.0001568168687,163595218981.32272
"2021-04-22 14:40:08.449000-07:00",0.99994136602512,164367969797.69293
"2021-04-22 14:45:03.544000-07:00",1.00011623138976,164780608837.1385
"2021-04-22 14:50:03.500000-07:00",1.00014284568432,164680213934.71027
"2021-04-22 14:55:03.669000-07:00",1.00006132893046,164980686600.33023
"2021-04-22 15:00:07.937000-07:00",0.99991703512204,165834430911.51416
"2021-04-22 15:05:04.189000-07:00",1.00011666006621,166044791377.78238
"2021-04-22 15:10:04.480000-07:00",0.99983096196015,166859801387.28653
"2021-04-22 15:15:03.674000-07:00",1.00019063240783,167964636418.49274
"2021-04-22 15:20:04.050000-07:00",1.00017535215194,168167888130.45825
"2021-04-22 15:25:04.017000-07:00",0.9998582308973,168017108075.22897
"2021-04-22 15:30:04.359000-07:00",0.99981765270045,167851119623.35318
"2021-04-22 15:35:03.870000-07:00",0.99981405232436,167555617808.8544
"2021-04-22 15:40:03.791000-07:00",0.99981836398205,167728989229.18063
"2021-04-22 15:45:03.774000-07:00",0.99988673520159,167204227789.70587
"2021-04-22 15:50:03.817000-07:00",0.99997430324799,166664294968.50284
"2021-04-22 15:55:03.796000-07:00",0.99987457515747,166054144475.33093
"2021-04-22 16:00:05.434000-07:00",0.99982301516266,166900492196.9253
"2021-04-22 16:05:04.168000-07:00",0.99999313922127,166872718879.95096
"2021-04-22 16:10:04.217000-07:00",0.99998221866781,167642424247.7537
"2021-04-22 16:15:04.241000-07:00",0.99980182211302,167914510865.86356
"2021-04-22 16:20:04.493000-07:00",1.00014449443184,167356109999.13443
"2021-04-22 16:25:04.418000-07:00",1.00015403935897,166927537943.52023
"2021-04-22 16:30:06.001000-07:00",1.00002559145123,167609889699.84808
"2021-04-22 16:35:04.194000-07:00",1.0000861500662,167290885110.07608
"2021-04-22 16:40:04.089000-07:00",1.0001947639679,166941635735.37622
"2021-04-22 16:45:04.154000-07:00",1.00006676375036,167265998477.45404
"2021-04-22 16:50:03.972000-07:00",0.99993645574679,167104266368.2291
"2021-04-22 16:55:03.916000-07:00",0.99984945421857,166888817737.17148
"2021-04-22 17:00:04.711000-07:00",0.99987490364047,166896110935.45053
"2021-04-22 17:05:03.881000-07:00",0.99985129447455,166384798897.65543
"2021-04-22 17:10:03.911000-07:00",0.99983096885536,165600999680.10074
"2021-04-22 17:15:03.734000-07:00",0.99990705072068,166900791454.119
"2021-04-22 17:20:03.776000-07:00",1.00015961996626,166941677373.94095
"2021-04-22 17:25:03.695000-07:00",1.00019459940254,168108035284.6529
"2021-04-22 17:30:04.870000-07:00",0.9998085952806,167317648525.33255
"2021-04-22 17:35:04.090000-07:00",1.00017447642439,167374772895.09656
"2021-04-22 17:40:04.051000-07:00",0.99997579101204,166799856890.72794
"2021-04-22 17:45:03.942000-07:00",1.00010303363123,166554349843.82397
"2021-04-22 17:50:03.939000-07:00",1.00005726472099,166399720078.1576
"2021-04-22 17:55:05.151000-07:00",1.0000434290181,166228709782.86615
"2021-04-22 18:00:06.793000-07:00",0.99987044165776,166166893048.28146
"2021-04-22 18:05:08.941000-07:00",1.00011225037091,166458132017.44583
"2021-04-22 18:10:04.957000-07:00",0.99991381614698,166850018721.47742
"2021-04-22 18:15:04.119000-07:00",0.99988548153264,166699352278.14276
"2021-04-22 18:20:04.664000-07:00",0.99986085369262,166368005232.98456
"2021-04-22 18:25:03.578000-07:00",0.99998403050662,166587815602.64917
"2021-04-22 18:30:09.040000-07:00",1.00006067052362,167473283320.0089
"2021-04-22 18:35:04.779000-07:00",0.99989430862847,168222427977.66275
"2021-04-22 18:40:06.260000-07:00",0.99995844992099,168197249631.693
"2021-04-22 18:45:04.337000-07:00",0.99997711354575,167641696926.9819
"2021-04-22 18:50:03.866000-07:00",1.00019112429237,168642424561.21655
"2021-04-22 18:55:03.889000-07:00",1.00017361985922,169200475299.05396
"2021-04-22 19:00:04.232000-07:00",0.99991034808818,173061436994.9725
"2021-04-22 19:05:03.659000-07:00",1.00018793775118,173478891947.05807
"2021-04-22 19:10:03.594000-07:00",1.00010941804454,173606569025.5228
"2021-04-22 19:15:03.817000-07:00",1.00006542455741,172554712536.44412
"2021-04-22 19:20:04.044000-07:00",1.00013876739361,172221427760.0344
"2021-04-22 19:25:04.009000-07:00",1.00012087269124,170568817382.1417
"2021-04-22 19:30:04.012000-07:00",1.00005510861203,172050099319.15973
"2021-04-22 19:35:04.018000-07:00",1.00002821364858,174413841883.58725
"2021-04-22 19:40:04.290000-07:00",1.00010367981957,175904993709.1266
"2021-04-22 19:45:04.224000-07:00",0.99982327805166,178207615194.94434
"2021-04-22 19:50:04.077000-07:00",1.00002273186649,179517347190.0174
"2021-04-22 19:55:04.333000-07:00",0.99980564495431,182095114173.90936
"2021-04-22 20:00:06.851000-07:00",1.00002648742562,183340755670.15515
"2021-04-22 20:05:03.993000-07:00",0.99984604572322,184462724243.3362
"2021-04-22 20:10:04.686000-07:00",1.00008339992349,185817035435.78107
"2021-04-22 20:15:03.709000-07:00",1.00012615545906,186898171352.39096
"2021-04-22 20:20:03.843000-07:00",0.99989084683953,186967736990.28748
"2021-04-22 20:25:03.868000-07:00",0.99995046461542,187116027870.9192
"2021-04-22 20:30:04.005000-07:00",1.00013070174575,187988994475.31616
"2021-04-22 20:35:03.964000-07:00",0.99990079029167,188422173287.9225
"2021-04-22 20:40:03.821000-07:00",0.99982133227921,189160859283.2294
"2021-04-22 20:45:03.816000-07:00",1.00011207757879,190598496600.63544
"2021-04-22 20:50:03.794000-07:00",1.00005789944032,190869994686.15845
"2021-04-22 20:55:03.854000-07:00",1.00000690370456,191299312502.25247
"2021-04-22 21:00:06.660000-07:00",1.0001609827719,191399043373.40805
"2021-04-22 21:05:03.760000-07:00",0.9999450182361,191662937935.0961
"2021-04-22 21:10:03.771000-07:00",1.0000392502238,190650730926.52625
"2021-04-22 21:15:04.394000-07:00",1.00002737123496,190272353873.27515
"2021-04-22 21:20:04.009000-07:00",0.99984140721977,190870253418.21484
"2021-04-22 21:25:04.025000-07:00",0.99988770452193,191653441194.19928
"2021-04-22 21:30:04.051000-07:00",1.00006526015724,192490975458.91885
"2021-04-22 21:35:04.280000-07:00",0.99981225095814,192931680274.2294
"2021-04-22 21:40:05.573000-07:00",0.99982588553396,192927415927.278
"2021-04-22 21:45:03.972000-07:00",1.00007627434825,192208778094.42816
"2021-04-22 21:50:03.939000-07:00",1.00015575827243,192673100118.12082
"2021-04-22 21:55:04.226000-07:00",1.00011982260785,192655930545.847
"2021-04-22 22:00:04.603000-07:00",0.9998027870362,192022595901.94214
"2021-04-22 22:05:03.940000-07:00",0.99980837167133,192953204531.42685
"2021-04-22 22:10:04.299000-07:00",0.99986954149995,193061548622.4833
"2021-04-22 22:15:04.122000-07:00",0.99990826999722,192969391372.03677
"2021-04-22 22:20:04.875000-07:00",0.99982550886636,192609612690.94785
"2021-04-22 22:25:04.079000-07:00",0.9999612712917,194306367128.41577
"2021-04-22 22:30:05.566000-07:00",0.99996793864285,196502677576.9918
"2021-04-22 22:35:03.732000-07:00",1.00017377660952,198025858289.14038
"2021-04-22 22:40:03.788000-07:00",1.00005022075031,199425200794.7812
"2021-04-22 22:45:08.703000-07:00",0.99985769362927,200076337090.16043
"2021-04-22 22:50:04.027000-07:00",0.99980490687149,200424081159.0839
"2021-04-22 22:55:04.213000-07:00",1.00010849569804,200994050658.77374
"2021-04-22 23:00:11.516000-07:00",1.00010840157232,200814330531.92902
"2021-04-22 23:05:03.822000-07:00",1.00000565693363,200054384258.7882
"2021-04-22 23:10:11.459000-07:00",1.00010189212697,199569422932.19254
"2021-04-22 23:15:06.572000-07:00",1.00000058567041,200409732712.16925
"2021-04-22 23:20:04.059000-07:00",1.00018153993916,200151259522.93423
"2021-04-22 23:25:04.259000-07:00",1.00013026844628,200079910884.19522
"2021-04-22 23:30:04.581000-07:00",0.999945769081,200080464509.89938
"2021-04-22 23:35:04.426000-07:00",1.00002689118364,200404430570.7972
"2021-04-22 23:40:05.677000-07:00",1.0001972516919,200459145009.4811
"2021-04-22 23:45:04.349000-07:00",0.99994965372916,201780144896.89697
"2021-04-22 23:50:04.754000-07:00",1.00015134206893,202722381185.11536
"2021-04-22 23:55:04.515000-07:00",0.99999677258189,202565238767.71533
"2021-04-23 00:00:08.931000-07:00",0.99980544009455,204148010982.6229
"2021-04-23 00:05:04.839000-07:00",0.99985274058598,204267437089.0073
"2021-04-23 00:10:04.496000-07:00",1.00014289605513,204713030560.61316
"2021-04-23 00:15:04.190000-07:00",1.00005262971434,206106331863.78107
"2021-04-23 00:20:04.230000-07:00",0.99983609272272,206630017732.8811
"2021-04-23 00:25:04.212000-07:00",0.99993598048532,207117522615.18753
"2021-04-23 00:30:04.129000-07:00",1.00001468373096,207015057143.55713
"2021-04-23 00:35:09.321000-07:00",0.99983942504559,206448387709.3422
"2021-04-23 00:40:03.722000-07:00",0.99997386224165,206222996946.46542
"2021-04-23 00:45:03.882000-07:00",1.0001793188569,206623299299.9174
"2021-04-23 00:50:04.612000-07:00",0.99982349533851,207187992259.78586
"2021-04-23 00:55:03.877000-07:00",0.99996505049755,207407633634.93933
"2021-04-23 01:00:05.863000-07:00",1.000149539006,208265351225.33002
"2021-04-23 01:05:04.254000-07:00",0.99989795344979,208907558839.22607
"2021-04-23 01:10:04.378000-07:00",0.99984484961086,208777173399.64618
"2021-04-23 01:15:04.260000-07:00",1.00007216164588,209738984630.65692
"2021-04-23 01:20:04.561000-07:00",0.9998410341065,210750140332.1302
"2021-04-23 01:25:04.028000-07:00",1.00011818626478,211600157622.1088
"2021-04-23 01:30:03.763000-07:00",0.99991554110481,211469628863.71735
"2021-04-23 01:35:03.847000-07:00",0.99991780053137,212556770947.4548
"2021-04-23 01:40:03.888000-07:00",1.00011376206694,213474871887.77835
"2021-04-23 01:45:03.993000-07:00",0.99997496983982,213136231026.3214
"2021-04-23 01:50:03.945000-07:00",1.00005749402275,212888935191.10364
"2021-04-23 01:55:04.023000-07:00",1.00013460680074,213543608691.7135
"2021-04-23 02:00:05.783000-07:00",0.99988959165979,214086309005.16196
"2021-04-23 02:05:04.146000-07:00",0.99983256147035,214362004277.3151
"2021-04-23 02:10:04.308000-07:00",1.00013203611774,214349356077.60144
"2021-04-23 02:15:04.010000-07:00",0.99987384500796,214906248289.6015
"2021-04-23 02:20:04.192000-07:00",0.99996956982321,214557382185.77686
"2021-04-23 02:25:04.087000-07:00",1.00002611760124,213670701878.31805
"2021-04-23 02:30:04.785000-07:00",0.99995187233126,213927372350.59344
"2021-04-23 02:35:04.257000-07:00",0.99982646864767,214290344831.24
"2021-04-23 02:40:04.283000-07:00",1.0000465945764,213794170308.20807
"2021-04-23 02:45:04.292000-07:00",1.00005386541409,213644822701.5364
"2021-04-23 02:50:04.127000-07:00",1.00011565032688,214310446715.72092
"2021-04-23 02:55:04.059000-07:00",1.0000029220221,215188767129.90564
"2021-04-23 03:00:06.898000-07:00",1.00012593635426,214773811687.23517
"2021-04-23 03:05:03.961000-07:00",1.00010331063979,215205730096.96304
"2021-04-23 03:10:04.047000-07:00",1.00003901793677,216819682684.20404
"2021-04-23 03:15:04.073000-07:00",0.99988778197558,218587563171.2577
"2021-04-23 03:20:04.125000-07:00",1.00017097515307,218906585049.71567
"2021-04-23 03:25:04.076000-07:00",0.99995348311873,219977407954.8883
"2021-04-23 03:30:04.032000-07:00",1.00002356378208,219767202899.86703
"2021-04-23 03:35:04.127000-07:00",0.99982788346943,220217770597.4898
"2021-04-23 03:40:04.147000-07:00",0.99994836113668,221255228698.47458
"2021-04-23 03:45:04.103000-07:00",1.00014633113176,221996210164.03598
"2021-04-23 03:50:04.281000-07:00",1.00003287797124,222010264614.46805
"2021-04-23 03:55:04.160000-07:00",1.0001430592948,221749637507.83612
"2021-04-23 04:00:04.595000-07:00",0.99981504836662,222056954765.77942
"2021-04-23 04:05:04.136000-07:00",1.00018373224569,221618889899.75455
"2021-04-23 04:10:04.155000-07:00",0.99991318389099,221455612193.1805
"2021-04-23 04:15:04.512000-07:00",1.00012077806478,221938895679.5293
"2021-04-23 04:20:04.317000-07:00",1.00003360351308,222618030141.24847
"2021-04-23 04:25:04.260000-07:00",1.00011325865939,222990177854.86633
"2021-04-23 04:30:04.090000-07:00",0.99998593908014,222834505800.91077
"2021-04-23 04:35:04.131000-07:00",1.00019094078345,222749449373.85617
"2021-04-23 04:40:04.175000-07:00",1.00007841920729,223861346111.88504
"2021-04-23 04:45:04.089000-07:00",1.00000335452583,224387503726.3843
"2021-04-23 04:50:04.296000-07:00",0.99998286465041,223415137059.01382
"2021-04-23 04:55:04.383000-07:00",1.00006835234169,223772959505.91272
"2021-04-23 05:00:05.135000-07:00",1.00006907137794,224598632650.34497
"2021-04-23 05:05:04.036000-07:00",0.99983416671315,224608498196.4202
"2021-04-23 05:10:04.113000-07:00",0.99987110164098,224033527174.13284
"2021-04-23 05:15:04.514000-07:00",0.99990664554414,223133004567.43616
"2021-04-23 05:20:04.077000-07:00",1.00001878703347,223006059551.1546
"2021-04-23 05:25:04.157000-07:00",1.00010124310567,223233288339.1571
"2021-04-23 05:30:04.198000-07:00",1.00000670735281,222055405521.68774
"2021-04-23 05:35:04.043000-07:00",0.99998738084523,222149124469.22635
"2021-04-23 05:40:04.124000-07:00",0.99992906206994,222324073310.6403
"2021-04-23 05:45:04.242000-07:00",0.99996508028485,222561516389.72513
"2021-04-23 05:50:04.450000-07:00",0.99986273228499,222280535013.90707
"2021-04-23 05:55:04.546000-07:00",0.99994042301025,221490170447.57092
"2021-04-23 06:00:04.604000-07:00",0.99985645395922,220942423677.61096
"2021-04-23 06:05:04.319000-07:00",0.99990911224752,220623298185.07547
"2021-04-23 06:10:04.397000-07:00",1.00003758353564,220475100344.14127
"2021-04-23 06:15:04.306000-07:00",0.99995814229075,221297237156.53165
"2021-04-23 06:20:04.185000-07:00",0.99993164798749,221713462595.89557
"2021-04-23 06:25:04.346000-07:00",1.00002364810979,220772821399.59647
"2021-04-23 06:30:04.313000-07:00",0.99998230486713,219996985794.04532
"2021-04-23 06:35:04.197000-07:00",0.9999038641256,220707152182.48108
"2021-04-23 06:40:04.302000-07:00",1.00006894838234,221028025385.3896
"2021-04-23 06:45:04.342000-07:00",1.0000735196233,220469957918.38327
"2021-04-23 06:50:04.622000-07:00",0.99998076251503,220823271449.0928
"2021-04-23 06:55:04.224000-07:00",0.99991926790383,221848711632.89706
"2021-04-23 07:00:05.339000-07:00",1.00001033821343,222519913639.16736
"2021-04-23 07:05:04.468000-07:00",0.99981587792717,222370889738.46964
"2021-04-23 07:10:04.323000-07:00",0.99991141000685,222471233124.18353
"2021-04-23 07:15:04.912000-07:00",0.99996853485241,223734587408.8342
"2021-04-23 07:20:04.342000-07:00",0.99990585242075,223982633292.7542
"2021-04-23 07:25:04.341000-07:00",1.00011646674296,224207223843.8881
"2021-04-23 07:30:04.817000-07:00",1.00010137960949,224662461277.9835
"2021-04-23 07:35:04.261000-07:00",1.00017310327121,224805419381.73322
"2021-04-23 07:40:04.352000-07:00",0.99989274695444,226035383824.08237
"2021-04-23 07:45:04.366000-07:00",1.00009296327722,226090246237.9435
"2021-04-23 07:50:04.397000-07:00",1.00000870097403,225665148318.74286
"2021-04-23 07:55:04.366000-07:00",1.00014299353809,225040546942.52084
"2021-04-23 08:00:04.663000-07:00",0.9998840476665,225548200348.05396
"2021-04-23 08:05:04.279000-07:00",1.00003963332508,225057780467.86563
"2021-04-23 08:10:04.546000-07:00",1.00000417301007,224193278739.98047
"2021-04-23 08:15:04.106000-07:00",0.99993417561206,224365179403.1897
"2021-04-23 08:20:04.401000-07:00",0.99998463266661,224270079074.71384
"2021-04-23 08:25:04.420000-07:00",1.00011806019234,224207597846.7783
"2021-04-23 08:30:04.124000-07:00",0.99984499908864,224837497949.8144
"2021-04-23 08:35:04.208000-07:00",0.99994368845646,225571200778.01846
"2021-04-23 08:40:04.257000-07:00",1.00000742419876,226604849453.15588
"2021-04-23 08:45:04.465000-07:00",0.99988838215183,226714497415.1424
"2021-04-23 08:50:04.149000-07:00",1.00013155788344,227307316925.61823
"2021-04-23 08:55:04.373000-07:00",1.00010801139848,227640604769.4527
"2021-04-23 09:00:05.916000-07:00",1.00006948454182,227901308788.84164
"2021-04-23 09:05:04.327000-07:00",1.000034252581,227852935749.5607
"2021-04-23 09:10:04.522000-07:00",1.00008225129559,228281542801.8406
"2021-04-23 09:15:03.976000-07:00",1.00013471172661,227443024785.89624
"2021-04-23 09:20:04.407000-07:00",1.00004170401547,227062426903.08533
"2021-04-23 09:25:04.035000-07:00",0.99981054137638,227724487088.14685
"2021-04-23 09:30:04.917000-07:00",1.00009205097778,227509851833.5833
"2021-04-23 09:35:04.271000-07:00",1.00003909571742,227210371793.39133
"2021-04-23 09:40:04.414000-07:00",0.99988426700994,227503913068.1824
"2021-04-23 09:45:04.244000-07:00",0.99982786297703,227433984881.20184
"2021-04-23 09:50:04.565000-07:00",1.00002177919393,227621617896.84787
"2021-04-23 09:55:04.372000-07:00",1.00010261562705,227510694342.55673
"2021-04-23 10:00:04.374000-07:00",0.99983614674467,227114691793.9496
"2021-04-23 10:05:04.623000-07:00",0.99987813045262,226570061516.67844
"2021-04-23 10:10:04.263000-07:00",0.99985438891901,226018869054.21936
"2021-04-23 10:15:04.424000-07:00",1.00006601680897,225539107126.7758
"2021-04-23 10:20:08.659000-07:00",0.99992372275816,225806754681.30072
"2021-04-23 10:25:04.258000-07:00",0.99988477816375,226014781905.7104
"2021-04-23 10:30:04.327000-07:00",0.99998661339092,226235095058.05975
"2021-04-23 10:35:04.600000-07:00",0.99983418519361,226120611674.87057
"2021-04-23 10:40:04.243000-07:00",0.99993677205365,225261793745.63727
"2021-04-23 10:45:04.474000-07:00",1.00006776041027,224860209041.51578
"2021-04-23 10:50:04.459000-07:00",1.00016552653617,224855227805.41464
"2021-04-23 10:55:04.518000-07:00",0.99996919293002,224041377260.28683
"2021-04-23 11:00:04.031000-07:00",1.00010246896372,223947255014.83313
"2021-04-23 11:05:04.247000-07:00",0.99988975270884,222904045715.58322
"2021-04-23 11:10:04.419000-07:00",0.99985892459146,222553417759.0033
"2021-04-23 11:15:05.711000-07:00",0.9999720797547,222536743738.25427
"2021-04-23 11:20:04.437000-07:00",0.9998770845003,222293073850.01828
"2021-04-23 11:25:04.526000-07:00",1.00002977298716,220862049569.46542
"2021-04-23 11:30:04.592000-07:00",0.99989921127565,220993085921.75906
"2021-04-23 11:35:04.282000-07:00",0.99982759832539,221121102713.807
"2021-04-23 11:40:04.526000-07:00",1.00006513006122,221352909772.40753
"2021-04-23 11:45:04.705000-07:00",0.9999719971962,221681827351.22342
"2021-04-23 11:50:05.722000-07:00",1.00019302824849,221679841967.44775
"2021-04-23 11:55:04.733000-07:00",0.99996741078649,221895923860.1633
"2021-04-23 12:00:10.797000-07:00",1.00008722843599,221728818293.28824
"2021-04-23 12:05:04.496000-07:00",1.00009289386325,221271516087.28513
"2021-04-23 12:10:05.244000-07:00",1.00004960806067,220894530673.1329
"2021-04-23 12:15:04.669000-07:00",0.99997187979541,220425853880.1714
"2021-04-23 12:20:08.981000-07:00",1.0001130654159,219732964701.89664
"2021-04-23 12:25:04.849000-07:00",0.99991530549294,218720368341.971
"2021-04-23 12:30:04.445000-07:00",1.00011246941942,218288696348.26376
"2021-04-23 12:35:03.934000-07:00",1.00000911722483,218246806289.83694
"2021-04-23 12:40:04.942000-07:00",0.99995813589543,218168187923.34503
"2021-04-23 12:45:04.367000-07:00",1.00007189271381,218309432564.796
"2021-04-23 12:50:04.486000-07:00",0.99998024206374,218294910775.02225
"2021-04-23 12:55:04.155000-07:00",0.99988131158235,218229071165.33008
"2021-04-23 13:00:06.125000-07:00",0.99999068708374,218569806737.93558
"2021-04-23 13:05:04.768000-07:00",0.99993213577941,217794690276.2425
"2021-04-23 13:10:04.635000-07:00",1.00011896276379,217848274826.05563
"2021-04-23 13:15:04.665000-07:00",1.0000166145233,217698888000.72153
"2021-04-23 13:20:04.254000-07:00",1.00008545193273,217303736998.621
"2021-04-23 13:25:04.441000-07:00",0.99989463478734,216998808401.1525
"2021-04-23 13:30:04.715000-07:00",0.99997046011185,217115342337.56396
"2021-04-23 13:35:04.351000-07:00",0.99995451243337,216818983359.29135
"2021-04-23 13:40:04.641000-07:00",1.00007493495172,216031393668.46677
"2021-04-23 13:45:04.167000-07:00",0.99986320829058,215627529706.96237
"2021-04-23 13:50:04.691000-07:00",0.99980197937514,214976999491.0755
"2021-04-23 13:55:04.021000-07:00",0.99991555511929,214462504426.45706
"2021-04-23 14:00:05.323000-07:00",0.99990373847429,213198643330.2537
"2021-04-23 14:05:04.163000-07:00",0.99999681393354,212805671707.25516
"2021-04-23 14:10:09.381000-07:00",1.00004642766093,211795421175.67203
"2021-04-23 14:15:04.540000-07:00",0.99992285694283,210596284820.8508
"2021-04-23 14:20:04.578000-07:00",1.00012423581578,209767656051.03555
"2021-04-23 14:25:04.224000-07:00",0.99990208300967,208164760460.0071
"2021-04-23 14:30:05.131000-07:00",0.99995461034988,207111469223.20682
"2021-04-23 14:35:04.496000-07:00",1.00019188440611,206479931761.09253
"2021-04-23 14:40:03.958000-07:00",0.99986474888266,205709287226.41705
"2021-04-23 14:45:04.613000-07:00",1.00016721915761,205582825884.76233
"2021-04-23 14:50:04.357000-07:00",1.00019572784269,204791381896.648
"2021-04-23 14:55:04.564000-07:00",0.99988921441068,204024285584.02423
"2021-04-23 15:00:04.603000-07:00",0.99995163745891,203711843271.97937
"2021-04-23 15:05:04.679000-07:00",1.0001303063932,203301613515.18784
"2021-04-23 15:10:04.397000-07:00",1.00005586836341,203301047826.1996
"2021-04-23 15:15:04.227000-07:00",0.99988032088923,202890346718.74374
"2021-04-23 15:20:04.951000-07:00",0.99996777830318,202465047188.32257
"2021-04-23 15:25:04.499000-07:00",0.99991949067311,202381706051.29825
"2021-04-23 15:30:05.222000-07:00",0.99990486193471,202308583989.63876
"2021-04-23 15:35:04.728000-07:00",1.00002628997501,202061979830.15753
"2021-04-23 15:40:04.489000-07:00",1.00003276948227,202222069103.40814
"2021-04-23 15:45:04.766000-07:00",0.99980254425856,202037639725.56357
"2021-04-23 15:50:04.188000-07:00",1.0001525925523,201719129292.76114
"2021-04-23 15:55:04.448000-07:00",0.99996134059262,201423240349.06223
"2021-04-23 16:00:05.693000-07:00",0.99984392949663,200876460673.63486
"2021-04-23 16:05:04.515000-07:00",0.99988356299326,200816136490.88782
"2021-04-23 16:10:03.803000-07:00",0.99991219904883,200821940870.38495
"2021-04-23 16:15:04.433000-07:00",1.00012087184865,200507094618.85776
"2021-04-23 16:20:04.186000-07:00",1.00005025700323,200741334278.56848
"2021-04-23 16:25:04.567000-07:00",0.99985121851909,200189318344.9522
"2021-04-23 16:30:04.633000-07:00",0.99998799201503,200355111214.64938
"2021-04-23 16:35:04.320000-07:00",1.00019291856268,200065105078.1012
"2021-04-23 16:40:04.801000-07:00",0.99986720636647,200194045712.1318
"2021-04-23 16:45:04.630000-07:00",0.99981364575196,200599744145.16016
"2021-04-23 16:50:04.161000-07:00",1.0001710165893,200746310126.99817
"2021-04-23 16:55:04.502000-07:00",0.99981188478048,200584133475.42648
"2021-04-23 17:00:04.279000-07:00",0.99994652753438,200941407305.8283
"2021-04-23 17:05:04.216000-07:00",1.00013619013334,200937616804.04224
"2021-04-23 17:10:04.743000-07:00",1.00008407518502,199465462656.03647
"2021-04-23 17:15:04.387000-07:00",1.00009070637359,198658839336.7762
"2021-04-23 17:20:04.147000-07:00",0.99998037733473,198279057215.08682
"2021-04-23 17:25:04.503000-07:00",1.00015873579985,197696595032.97733
"2021-04-23 17:30:04.456000-07:00",1.00010869324,197579656496.46
"2021-04-23 17:35:04.012000-07:00",1.00019229778597,196883843529.60254
"2021-04-23 17:40:04.772000-07:00",1.00001933262401,197506281198.9816
"2021-04-23 17:45:03.999000-07:00",1.00017143884737,197084974129.72473
"2021-04-23 17:50:04.432000-07:00",0.99983533472813,196504623932.7003
"2021-04-23 17:55:03.831000-07:00",0.99999581060127,196290611505.51007
"2021-04-23 18:00:04.688000-07:00",1.00002002459852,196073018871.0756
"2021-04-23 18:05:04.585000-07:00",1.00014765090974,195606337548.50128
"2021-04-23 18:10:08.532000-07:00",1.00000407298199,196185063187.015
"2021-04-23 18:15:03.897000-07:00",0.99992822224925,195746691696.11203
"2021-04-23 18:20:04.850000-07:00",0.99989837059999,195243490205.46576
"2021-04-23 18:25:08.861000-07:00",1.00016695262659,194437116237.7869
"2021-04-23 18:30:04.605000-07:00",1.00001585882881,193837215777.14972
"2021-04-23 18:35:04.252000-07:00",1.0000378599542,193414457511.72232
"2021-04-23 18:40:04.831000-07:00",0.99998160344923,192832230275.94006
"2021-04-23 18:45:04.408000-07:00",1.0001847397329,191786653265.95172
"2021-04-23 18:50:04.672000-07:00",0.99994913069435,190812701971.58618
"2021-04-23 18:55:04.134000-07:00",1.00017817006213,188882274566.97488
"2021-04-23 19:00:05.079000-07:00",1.00016652708515,186769718817.7
"2021-04-23 19:05:04.725000-07:00",0.99991754940453,184715913426.30768
"2021-04-23 19:10:04.302000-07:00",1.00010050028122,183387278516.1262
"2021-04-23 19:15:04.886000-07:00",1.00007035130814,182058793723.84222
"2021-04-23 19:20:04.481000-07:00",0.99995398410299,180724876847.9798
"2021-04-23 19:25:04.636000-07:00",0.99982021664888,179418369801.70374
"2021-04-23 19:30:04.471000-07:00",1.00018709082841,176229296094.59473
"2021-04-23 19:35:04.295000-07:00",0.99980959064755,175273708564.6139
"2021-04-23 19:40:04.866000-07:00",1.00000502161597,173486101195.96518
"2021-04-23 19:45:04.120000-07:00",0.99998219165347,172379682792.14297
"2021-04-23 19:50:04.916000-07:00",0.99987166055817,171833530930.95114
"2021-04-23 19:55:04.292000-07:00",0.99993799310091,170438522798.56802
"2021-04-23 20:00:04.946000-07:00",1.00006090429666,169464853730.54153
"2021-04-23 20:05:04.434000-07:00",0.9999749458421,168952203480.0951
"2021-04-23 20:10:08.536000-07:00",0.99983970390938,168090033551.26837
"2021-04-23 20:15:04.210000-07:00",0.99987527362084,166838900289.02762
"2021-04-23 20:20:03.975000-07:00",1.00015598743072,166451486894.25275
"2021-04-23 20:25:04.551000-07:00",0.9998252869144,165766770486.80032
"2021-04-23 20:30:04.392000-07:00",1.0001744680595,164988837083.8845
"2021-04-23 20:35:04.218000-07:00",1.000152369953,164828088333.0933
"2021-04-23 20:40:04.733000-07:00",1.00018465021241,164423027713.36633
"2021-04-23 20:45:04.380000-07:00",0.99989405244949,163770050003.82468
"2021-04-23 20:50:04.773000-07:00",0.99983398732278,163074776333.71576
"2021-04-23 20:55:04.266000-07:00",0.99994468995277,162275770209.44012
"2021-04-23 21:00:09.358000-07:00",0.99986066040984,161712301456.19543
"2021-04-23 21:05:09.369000-07:00",0.99987201291074,160939488310.68292
"2021-04-23 21:10:05.222000-07:00",1.00018414124206,160171588104.18475
"2021-04-23 21:15:05.940000-07:00",1.00012024637433,160356830395.03076
"2021-04-23 21:20:04.712000-07:00",0.99990075644201,159735623701.38602
"2021-04-23 21:25:04.480000-07:00",1.00006469806896,159106833267.5665
"2021-04-23 21:30:04.690000-07:00",0.99994032971539,158453601405.39056
"2021-04-23 21:35:04.626000-07:00",1.00018145531645,158656955218.7989
"2021-04-23 21:40:04.659000-07:00",0.99997005085541,158252627039.79266
"2021-04-23 21:45:04.765000-07:00",0.9998027927372,157675094433.51236
"2021-04-23 21:50:04.719000-07:00",1.00015729512426,157706476573.85855
"2021-04-23 21:55:04.427000-07:00",0.99994315542726,157592549216.3723
"2021-04-23 22:00:04.116000-07:00",0.99987753545433,157167619543.49197
"2021-04-23 22:05:04.116000-07:00",1.00016266560607,156015091342.0777
"2021-04-23 22:10:05.039000-07:00",0.99985351918507,155654519597.83633
"2021-04-23 22:15:04.446000-07:00",1.00003992893466,154756446687.4822
"2021-04-23 22:20:04.273000-07:00",0.99998386860321,154089313634.60742
"2021-04-23 22:25:04.723000-07:00",1.00005364554976,152732588177.87668
"2021-04-23 22:30:04.592000-07:00",0.99985966139114,151648607425.16592
"2021-04-23 22:35:04.492000-07:00",1.00010252563233,150903694174.57812
"2021-04-23 22:40:04.654000-07:00",0.99981010149217,150411086770.38037
"2021-04-23 22:45:04.474000-07:00",1.00011029883348,149912292645.56342
"2021-04-23 22:50:04.147000-07:00",0.99981124281429,149668777881.61807
"2021-04-23 22:55:04.749000-07:00",1.00014191462594,149503476619.0938
"2021-04-23 23:00:04.705000-07:00",1.00007152875297,149130837570.0165
"2021-04-23 23:05:09.437000-07:00",1.00000136235109,148632142232.5154
"2021-04-23 23:10:04.922000-07:00",1.00013322376703,147866300333.38553
"2021-04-23 23:15:04.416000-07:00",1.00007858904251,147703285928.1576
"2021-04-23 23:20:04.430000-07:00",1.00001191704843,147410395621.53702
"2021-04-23 23:25:04.584000-07:00",0.99987532354136,146953933270.41074
"2021-04-23 23:30:04.466000-07:00",0.99988842860141,146625457723.08594
"2021-04-23 23:35:04.212000-07:00",0.99992354148835,146295274573.1951
"2021-04-23 23:40:04.683000-07:00",1.00002997801738,145324685186.70908
"2021-04-23 23:45:04.073000-07:00",0.99999462683086,144960924180.73276
"2021-04-23 23:50:05.128000-07:00",0.99982933346853,144751431721.18036
"2021-04-23 23:55:04.468000-07:00",0.99997055427224,144411566327.61276
"2021-04-24 00:00:05.509000-07:00",0.99996054808107,143767743390.56015
"2021-04-24 00:05:04.621000-07:00",1.00011122919461,142875998019.43457
"2021-04-24 00:10:04.564000-07:00",1.00004421680913,142196117629.7907
"2021-04-24 00:15:04.046000-07:00",1.000045429389,141774954157.96646
"2021-04-24 00:20:04.684000-07:00",1.00017769364071,141714643380.58234
"2021-04-24 00:25:04.510000-07:00",1.00017610928167,141169804303.76822
"2021-04-24 00:30:04.406000-07:00",0.99981089252424,141322997880.4227
"2021-04-24 00:35:04.199000-07:00",0.99993412833832,140895313544.21783
"2021-04-24 00:40:05.114000-07:00",1.00018947591598,140055162808.78165
"2021-04-24 00:45:04.774000-07:00",0.9998825714108,139246674813.10022
"2021-04-24 00:50:04.301000-07:00",0.99986248146117,138351535068.33368
"2021-04-24 00:55:04.660000-07:00",0.99986706779443,137673811713.68353
"2021-04-24 01:00:04.870000-07:00",1.00019753966059,137049467445.16844
"2021-04-24 01:05:04.369000-07:00",1.0001324399409,136264116943.79526
"2021-04-24 01:10:04.237000-07:00",1.00007292372556,135825169125.21526
"2021-04-24 01:15:04.539000-07:00",0.99990908390471,135020938762.89532
"2021-04-24 01:20:04.579000-07:00",0.99990052306391,134828383245.12091
"2021-04-24 01:25:04.440000-07:00",0.99988005391553,134486404757.85254
"2021-04-24 01:30:04.288000-07:00",1.00002285194484,134049616146.66853
"2021-04-24 01:35:04.727000-07:00",1.00000487018691,133549662558.79591
"2021-04-24 01:40:04.636000-07:00",0.99982580225907,133189887243.63702
"2021-04-24 01:45:04.427000-07:00",0.99992999447503,132703459515.80301
"2021-04-24 01:50:04.357000-07:00",0.99985565624752,132331539465.49162
"2021-04-24 01:55:04.112000-07:00",1.00011922570791,131865266390.09406
"2021-04-24 02:00:06.228000-07:00",1.00005865097639,131311720182.59227
"2021-04-24 02:05:04.898000-07:00",1.00018789055629,130630901038.49103
"2021-04-24 02:10:04.185000-07:00",0.99985531876061,130034003142.60904
"2021-04-24 02:15:04.622000-07:00",0.99988395366359,129826574277.7763
"2021-04-24 02:20:04.733000-07:00",0.99985378684844,129768459467.68811
"2021-04-24 02:25:04.888000-07:00",0.99991225583283,129398757719.00078
"2021-04-24 02:30:04.461000-07:00",0.99986492546432,129227085828.14975
"2021-04-24 02:35:04.260000-07:00",1.00006448190895,129039515272.1107
"2021-04-24 02:40:05.080000-07:00",0.99983645660009,128816902076.59068
"2021-04-24 02:45:04.527000-07:00",1.000008429564,128762757709.61403
"2021-04-24 02:50:04.394000-07:00",1.0001841083673,128791756422.99754
"2021-04-24 02:55:04.974000-07:00",1.00005309671914,128555361064.16527
"2021-04-24 03:00:04.702000-07:00",1.00016739423219,128121024746.8637
"2021-04-24 03:05:04.557000-07:00",0.99981860038859,127447457802.32845
"2021-04-24 03:10:04.066000-07:00",1.00001802948243,126763530921.25182
"2021-04-24 03:15:04.879000-07:00",0.99986387528418,125897381466.06126
"2021-04-24 03:20:04.776000-07:00",1.00007920618546,125876679399.74896
"2021-04-24 03:25:04.251000-07:00",1.00011701564227,125874982525.29213
"2021-04-24 03:30:04.625000-07:00",0.99988249228874,125503302348.68497
"2021-04-24 03:35:03.983000-07:00",0.99992459589371,125060214979.62164
"2021-04-24 03:40:04.745000-07:00",0.99994965956328,125393665715.5499
"2021-04-24 03:45:04.197000-07:00",0.99986917381878,124970725264.97519
"2021-04-24 03:50:04.889000-07:00",1.00005761300923,124497838350.81308
"2021-04-24 03:55:04.389000-07:00",0.99999375146449,124676541060.10005
"2021-04-24 04:00:05.401000-07:00",1.00003919308024,124205838613.2165
"2021-04-24 04:05:04.037000-07:00",1.00009351915437,123790393106.52034
"2021-04-24 04:10:04.729000-07:00",1.00017583843622,123678307730.92476
"2021-04-24 04:15:04.327000-07:00",1.00010728348008,123761939840.32985
"2021-04-24 04:20:04.270000-07:00",0.99996440568005,124230812774.15576
"2021-04-24 04:25:05.021000-07:00",1.00012706188873,124471390376.8686
"2021-04-24 04:30:04.748000-07:00",1.00013686673351,124704083922.16174
"2021-04-24 04:35:04.429000-07:00",1.00003904868572,124766773518.28534
"2021-04-24 04:40:04.744000-07:00",0.99986352140903,124306192674.0462
"2021-04-24 04:45:04.629000-07:00",0.99990138359391,123477022774.22119
"2021-04-24 04:50:03.816000-07:00",0.9999314392126,122896386403.85684
"2021-04-24 04:55:04.283000-07:00",0.99981803631444,122467800448.16823
"2021-04-24 05:00:05.635000-07:00",1.00003066905941,122661434201.06566
"2021-04-24 05:05:04.234000-07:00",0.99983597902964,122871474388.15952
"2021-04-24 05:10:04.587000-07:00",1.00012556571079,122894440177.86366
"2021-04-24 05:15:03.984000-07:00",0.99996899410056,123422508702.55562
"2021-04-24 05:20:04.624000-07:00",0.99983142545791,123173257691.70529
"2021-04-24 05:25:04.106000-07:00",1.00002286898676,122733683841.40955
"2021-04-24 05:30:04.682000-07:00",0.99998136588417,123056996168.65901
"2021-04-24 05:35:04.441000-07:00",1.00001292896264,122876913521.62779
"2021-04-24 05:40:04.297000-07:00",0.99991168086372,123054777561.18643
"2021-04-24 05:45:04.802000-07:00",1.00018274884515,123321074427.05602
"2021-04-24 05:50:04.692000-07:00",1.00012775523737,123569799278.118
"2021-04-24 05:55:04.218000-07:00",0.99996652636868,123646789091.2079
"2021-04-24 06:00:05.595000-07:00",1.00015123813571,123199369720.82272
"2021-04-24 06:05:04.642000-07:00",1.00012643787497,122548682858.4569
"2021-04-24 06:10:04.156000-07:00",1.00019114400377,122127027339.86201
"2021-04-24 06:15:04.614000-07:00",0.99986316400244,121873667469.22984
"2021-04-24 06:20:04.465000-07:00",0.99991310044498,121862159026.75935
"2021-04-24 06:25:04.283000-07:00",1.00000279637941,121860835003.86325
"2021-04-24 06:30:05.897000-07:00",0.99995308787595,121402180118.12167
"2021-04-24 06:35:04.330000-07:00",1.00015320673677,121013261575.06035
"2021-04-24 06:40:04.266000-07:00",0.99994802568392,120713018234.96355
"2021-04-24 06:45:08.721000-07:00",1.00010754487391,120289645800.7695
"2021-04-24 06:50:08.683000-07:00",1.00004569390649,119822229138.3859
"2021-04-24 06:55:03.862000-07:00",0.99985624911226,119395433304.23982
"2021-04-24 07:00:06.689000-07:00",0.9999771296696,119201623559.38861
"2021-04-24 07:05:04.929000-07:00",0.99986297378328,118580073666.21283
"2021-04-24 07:10:04.660000-07:00",1.00010777957951,117605575316.10179
"2021-04-24 07:15:03.809000-07:00",0.99992774379668,117265348149.79836
"2021-04-24 07:20:04.351000-07:00",0.99993791126381,116983010129.3737
"2021-04-24 07:25:03.997000-07:00",0.99993483353859,116941301204.17892
"2021-04-24 07:30:04.774000-07:00",1.00011577230942,116716062964.90704
"2021-04-24 07:35:04.368000-07:00",1.00018115700646,116826873829.7287
"2021-04-24 07:40:04.012000-07:00",0.99993765608959,116720557558.11552
"2021-04-24 07:45:04.576000-07:00",0.99983590580903,116071283155.72977
"2021-04-24 07:50:04.576000-07:00",1.00014603505788,116655466857.68965
"2021-04-24 07:55:04.417000-07:00",1.00010263188377,116408761439.35223
"2021-04-24 08:00:04.346000-07:00",1.00017688456477,116190680286.61122
"2021-04-24 08:05:04.215000-07:00",1.00003055575584,116036142694.64209
"2021-04-24 08:10:05.084000-07:00",0.99991229891211,115417474978.35274
"2021-04-24 08:15:04.397000-07:00",0.99998038580065,115512856854.7089
"2021-04-24 08:20:04.269000-07:00",1.00006712934664,115558844976.55591
"2021-04-24 08:25:05.031000-07:00",0.99991740195805,115624061145.32721
"2021-04-24 08:30:04.763000-07:00",0.99985996322884,115883626950.07661
"2021-04-24 08:35:04.223000-07:00",0.99981772961079,116435251356.89397
"2021-04-24 08:40:04.820000-07:00",1.00006355151743,116786830857.62321
"2021-04-24 08:45:04.197000-07:00",1.00016145193417,116853112824.1186
"2021-04-24 08:50:04.604000-07:00",0.99983242349055,116787197287.855
"2021-04-24 08:55:03.943000-07:00",1.00016749903713,117033753586.89104
"2021-04-24 09:00:05.442000-07:00",0.99995021545126,117044326138.52544
"2021-04-24 09:05:04.762000-07:00",0.99993295655321,116817252616.63718
"2021-04-24 09:10:04.811000-07:00",0.9998323640904,116200375341.59149
"2021-04-24 09:15:04.635000-07:00",0.99980810243572,115825107671.89223
"2021-04-24 09:20:04.805000-07:00",0.9998658901347,115729389048.15639
"2021-04-24 09:25:04.253000-07:00",0.99994170668913,115726776481.84508
"2021-04-24 09:30:04.590000-07:00",1.00013151057184,115385600394.06264
"2021-04-24 09:35:04.682000-07:00",1.00012064007017,115239579430.7708
"2021-04-24 09:40:04.267000-07:00",0.99991699344497,114757952906.67685
"2021-04-24 09:45:05.442000-07:00",1.0001933860992,114534745989.27542
"2021-04-24 09:50:03.924000-07:00",0.99999600650313,114295629888.23418
"2021-04-24 09:55:04.790000-07:00",1.00008488759966,114022131245.93571
"2021-04-24 10:00:05.219000-07:00",1.00008002737885,113838131100.31985
"2021-04-24 10:05:05.157000-07:00",1.00009136497021,113656824895.1227
"2021-04-24 10:10:05.800000-07:00",1.00016266858813,113312213530.95314
"2021-04-24 10:15:08.770000-07:00",0.99984719663248,113166739805.98677
"2021-04-24 10:20:04.456000-07:00",1.00002611690899,112950502117.1677
"2021-04-24 10:25:05.251000-07:00",1.00013174061613,113056742286.325
"2021-04-24 10:30:04.875000-07:00",0.9999029814623,112912600790.3907
"2021-04-24 10:35:04.651000-07:00",1.00015921918859,112800490555.09491
"2021-04-24 10:40:04.836000-07:00",0.99984905515209,112686476202.00027
"2021-04-24 10:45:04.636000-07:00",1.00001549800167,112880425633.52309
"2021-04-24 10:50:04.505000-07:00",0.99984507674411,112855037371.84883
"2021-04-24 10:55:04.802000-07:00",1.00011261993974,112841007827.34773
"2021-04-24 11:00:05.249000-07:00",1.0001244495427,113084061698.2757
"2021-04-24 11:05:03.939000-07:00",1.00014780519766,112827543386.81789
"2021-04-24 11:10:04.570000-07:00",1.00001719002242,112471567576.27621
"2021-04-24 11:15:04.140000-07:00",1.00017015779233,112268033442.40018
"2021-04-24 11:20:04.616000-07:00",1.00002287948954,112479225697.76326
"2021-04-24 11:25:04.792000-07:00",0.99986389875595,113247271327.37416
"2021-04-24 11:30:04.882000-07:00",0.99997789444777,113377567776.12912
"2021-04-24 11:35:04.987000-07:00",1.00004646200277,113156890699.64766
"2021-04-24 11:40:04.476000-07:00",0.99981244864021,112965349673.46681
"2021-04-24 11:45:05.124000-07:00",1.00003637225602,112776474572.15437
"2021-04-24 11:50:05.125000-07:00",0.99982890397512,112564868788.50183
"2021-04-24 11:55:04.769000-07:00",1.00009267380348,112393844866.48955
"2021-04-24 12:00:04.567000-07:00",1.00007299791068,112255862869.55873
"2021-04-24 12:05:04.570000-07:00",1.00004103024761,112040214959.87866
"2021-04-24 12:10:04.255000-07:00",1.00018462812451,111805643135.73637
"2021-04-24 12:15:04.815000-07:00",0.99997657099576,111906899875.78198
"2021-04-24 12:20:09.284000-07:00",1.00009720544256,111937001093.51842
"2021-04-24 12:25:09.412000-07:00",1.00009826664735,111980360393.05927
"2021-04-24 12:30:05.431000-07:00",0.99995732540588,112021435597.07895
"2021-04-24 12:35:05.739000-07:00",1.0000375368713,111955733747.04315
"2021-04-24 12:40:04.737000-07:00",1.00004485566988,111825129693.6565
"2021-04-24 12:45:03.997000-07:00",1.00011081313911,111759065892.78203
"2021-04-24 12:50:04.046000-07:00",0.99985167369608,111521805721.41391
"2021-04-24 12:55:04.548000-07:00",1.00007359509539,111247079046.68385
"2021-04-24 13:00:04.370000-07:00",0.99999884810576,111189556102.31325
"2021-04-24 13:05:04.612000-07:00",1.000118068394,110982108526.7247
"2021-04-24 13:10:04.354000-07:00",1.00003913234707,110730014170.02538
"2021-04-24 13:15:05.109000-07:00",0.99995973013855,110244481362.34833
"2021-04-24 13:20:04.922000-07:00",0.99995909101758,110042995413.45576
"2021-04-24 13:25:04.474000-07:00",1.00010212819381,110064679542.18712
"2021-04-24 13:30:04.882000-07:00",1.0000620586533,109899841758.307
"2021-04-24 13:35:05.329000-07:00",0.99997124105947,109835641427.15446
"2021-04-24 13:40:04.789000-07:00",1.00004120205188,109935572070.71619
"2021-04-24 13:45:04.951000-07:00",0.99995157377445,109674029174.56241
"2021-04-24 13:50:04.444000-07:00",1.00017938730798,109527702566.49455
"2021-04-24 13:55:04.286000-07:00",0.99995905783907,109315890598.42238
"2021-04-24 14:00:05.147000-07:00",0.99998608295463,109086162102.77527
"2021-04-24 14:05:04.628000-07:00",1.00015344875082,108770739916.84674
"2021-04-24 14:10:05.002000-07:00",1.00008996052649,108250588324.37837
"2021-04-24 14:15:05.004000-07:00",1.00011655565389,108031552116.22728
"2021-04-24 14:20:04.573000-07:00",1.00005665748014,107662150188.29988
"2021-04-24 14:25:04.846000-07:00",1.00012143487357,107607310999.87238
"2021-04-24 14:30:04.730000-07:00",1.00012606314758,107573755149.94617
"2021-04-24 14:35:04.504000-07:00",1.00018255682649,107518604443.8108
"2021-04-24 14:40:04.329000-07:00",0.99986254028819,107320928118.6013
"2021-04-24 14:45:04.676000-07:00",1.00001651248257,107329339189.65863
"2021-04-24 14:50:08.560000-07:00",1.00007557939255,107123265814.35559
"2021-04-24 14:55:03.847000-07:00",1.00007228589543,107205402127.48549
"2021-04-24 15:00:05.030000-07:00",0.99996120253512,107179882134.90118
"2021-04-24 15:05:04.743000-07:00",0.99993194332516,107029807562.40678
"2021-04-24 15:10:04.821000-07:00",1.00011838051093,106854004639.69377
"2021-04-24 15:15:05.615000-07:00",0.99988109182917,106644081348.3288
"2021-04-24 15:20:04.235000-07:00",0.99994351748988,106652766751.58562
"2021-04-24 15:25:04.454000-07:00",0.99987625697073,106424691052.62872
"2021-04-24 15:30:04.697000-07:00",0.9999155389566,106365641753.36238
"2021-04-24 15:35:04.330000-07:00",0.99990922057919,106459691970.0924
"2021-04-24 15:40:04.945000-07:00",0.99996582632436,106639460368.87625
"2021-04-24 15:45:04.450000-07:00",1.00004576624975,106560048850.45891
"2021-04-24 15:50:04.224000-07:00",1.0001895855611,106574268879.085
"2021-04-24 15:55:05.067000-07:00",0.99997317777196,106703642102.04654
"2021-04-24 16:00:04.854000-07:00",0.99989286922539,106308001054.58359
"2021-04-24 16:05:04.601000-07:00",0.9998000161301,106148261130.81386
"2021-04-24 16:10:04.825000-07:00",1.00010896365984,106305927430.09628
"2021-04-24 16:15:04.676000-07:00",1.00009692562414,106474125194.52274
"2021-04-24 16:20:04.318000-07:00",0.99996334011966,106259758993.01659
"2021-04-24 16:25:04.893000-07:00",0.99983000203804,106357997769.61627
"2021-04-24 16:30:04.484000-07:00",1.00010325162638,106339755800.10512
"2021-04-24 16:35:04.310000-07:00",0.99996833681976,106251368132.65048
"2021-04-24 16:40:04.198000-07:00",0.99986907685344,106117273673.60567
"2021-04-24 16:45:05.066000-07:00",1.00000248093639,106054703695.38428
"2021-04-24 16:50:04.901000-07:00",0.99995827865241,105791542997.11453
"2021-04-24 16:55:05.421000-07:00",0.99988222089417,105181263432.0367
"2021-04-24 17:00:06.609000-07:00",1.00012425626,105272770328.06798
"2021-04-24 17:05:05.004000-07:00",1.00013567908704,104774414071.82155
"2021-04-24 17:10:04.753000-07:00",0.99991041860587,104817594547.72118
"2021-04-24 17:15:04.406000-07:00",1.00007628157069,104852302405.5287
"2021-04-24 17:20:04.403000-07:00",1.00012418726231,104905209637.99226
"2021-04-24 17:25:04.672000-07:00",1.00002820098254,104769432442.7602
"2021-04-24 17:30:04.623000-07:00",1.00003999037459,104485792132.91821
"2021-04-24 17:35:05.668000-07:00",1.00012313612899,103900476721.50014
"2021-04-24 17:40:04.246000-07:00",1.00003008133374,103325998128.60419
"2021-04-24 17:45:05.158000-07:00",1.00016725654717,103196577747.9437
"2021-04-24 17:50:04.116000-07:00",1.00017881868979,102985539990.01494
"2021-04-24 17:55:04.572000-07:00",1.00004325667781,102450050564.90065
"2021-04-24 18:00:05.193000-07:00",1.00015437478679,102224481896.68797
"2021-04-24 18:05:04.120000-07:00",1.00019294613315,102074191210.89691
"2021-04-24 18:10:04.733000-07:00",1.00012880446544,102128740330.79675
"2021-04-24 18:15:04.186000-07:00",1.00001619259877,102136884911.53564
"2021-04-24 18:20:03.794000-07:00",0.9998529617573,102083022504.18443
"2021-04-24 18:25:04.607000-07:00",1.00006767055596,102322236174.81628
"2021-04-24 18:30:04.773000-07:00",0.99997976570651,102392340994.27132
"2021-04-24 18:35:04.697000-07:00",0.99984663363899,102408105512.60205
"2021-04-24 18:40:05.051000-07:00",1.00014228343463,102333829281.13593
"2021-04-24 18:45:04.744000-07:00",1.00011956444954,102277777155.24487
"2021-04-24 18:50:04.913000-07:00",0.99992228611388,102213933078.80328
"2021-04-24 18:55:08.870000-07:00",1.00004717160074,102142437498.31181
"2021-04-24 19:00:05.122000-07:00",0.9999979025744,102228182642.60532
"2021-04-24 19:05:04.403000-07:00",1.00018045385176,102014485824.08542
"2021-04-24 19:10:04.439000-07:00",1.00008269394066,101539922239.36212
"2021-04-24 19:15:09.566000-07:00",1.00009129623438,101367059799.4861
"2021-04-24 19:20:04.303000-07:00",1.00007821840951,101182072873.43552
"2021-04-24 19:25:04.015000-07:00",0.99980221092979,101045855033.74
"2021-04-24 19:30:04.509000-07:00",1.00000585681685,101028189617.56819
"2021-04-24 19:35:04.023000-07:00",0.99989093459784,100880003591.16402
"2021-04-24 19:40:04.811000-07:00",1.00009619876303,100636300365.97491
"2021-04-24 19:45:04.464000-07:00",1.00000129067963,100477879929.43771
"2021-04-24 19:50:04.207000-07:00",1.00014923352561,100157493223.04625
"2021-04-24 19:55:04.723000-07:00",0.99999052926365,99916680105.36163
"2021-04-24 20:00:05.539000-07:00",0.99989091812616,99847694147.04913
"2021-04-24 20:05:04.731000-07:00",0.99995855463719,99674726260.95047
"2021-04-24 20:10:04.410000-07:00",0.99997355616404,99324432255.38518
"2021-04-24 20:15:03.983000-07:00",1.00004100084986,99223384925.45474
"2021-04-24 20:20:04.024000-07:00",0.99984098408974,99099447264.70483
"2021-04-24 20:25:04.389000-07:00",1.00001001362104,98999759237.45752
"2021-04-24 20:30:06.385000-07:00",0.99996192202837,99019008789.74359
"2021-04-24 20:35:03.899000-07:00",1.00019444977771,99073744370.9235
"2021-04-24 20:40:04.822000-07:00",0.99993065371146,98843623860.66293
"2021-04-24 20:45:04.447000-07:00",0.99990286423342,98553987793.83292
"2021-04-24 20:50:05.088000-07:00",1.00004603025224,98215205799.01727
"2021-04-24 20:55:04.418000-07:00",0.9999988720074,98378540117.5437
"2021-04-24 21:00:04.819000-07:00",0.99981009005558,98347929748.78726
"2021-04-24 21:05:04.310000-07:00",0.99997517362519,98293893747.93297
"2021-04-24 21:10:04.182000-07:00",0.99997991494479,98159702397.75533
"2021-04-24 21:15:04.625000-07:00",1.00014853209822,98378196161.53238
"2021-04-24 21:20:04.279000-07:00",0.99995322079313,98269631253.60503
"2021-04-24 21:25:03.875000-07:00",1.00007725474318,98221350694.35521
"2021-04-24 21:30:04.417000-07:00",1.00006283460717,98188038749.17209
"2021-04-24 21:35:04.422000-07:00",1.0001734923074,98143442861.79695
"2021-04-24 21:40:04.580000-07:00",0.99987212878962,97913133035.51802
"2021-04-24 21:45:03.953000-07:00",0.99998129259761,97818657613.1931
"2021-04-24 21:50:04.641000-07:00",1.00007598909483,97811005543.44547
"2021-04-24 21:55:04.109000-07:00",0.99997561795432,97664215470.08047
"2021-04-24 22:00:04.949000-07:00",1.00009264723201,97496238946.5046
"2021-04-24 22:05:09.245000-07:00",0.99991226932272,77200465366.67273
"2021-04-24 22:10:04.502000-07:00",1.00011938557839,77112301377.84296
"2021-04-24 22:15:04.328000-07:00",1.00014617275359,77040313148.62222
"2021-04-24 22:20:08.474000-07:00",1.00010154749761,77012558611.45436
"2021-04-24 22:25:05.225000-07:00",1.00014025062655,77090270724.69559
"2021-04-24 22:30:05.599000-07:00",0.99981677516308,77119097851.24638
"2021-04-24 22:35:04.568000-07:00",0.99993371665564,77111825419.208
"2021-04-24 22:40:04.233000-07:00",0.99983742664775,77059119986.87842
"2021-04-24 22:45:04.071000-07:00",1.00016277677596,76969584556.78993
"2021-04-24 22:50:04.615000-07:00",1.00018919308882,76895539477.6091
"2021-04-24 22:55:04.459000-07:00",1.00009096131107,76775330646.6241
"2021-04-24 23:00:08.348000-07:00",1.00019823396044,76640706763.56964
"2021-04-24 23:05:09.171000-07:00",1.00018441003798,76526147919.93681
"2021-04-24 23:10:05.201000-07:00",1.00007852197274,76365869730.77014
"2021-04-24 23:15:04.421000-07:00",1.00010589403083,76311775344.80534
"2021-04-24 23:20:04.988000-07:00",1.00019385270649,76246626943.39488
"2021-04-24 23:25:05.337000-07:00",1.00009721723992,76048042547.8264
"2021-04-24 23:30:04.484000-07:00",1.0000384535851,75939642323.12314
"2021-04-24 23:35:03.977000-07:00",0.99980103183378,75815391913.98383
"2021-04-24 23:40:04.835000-07:00",1.00006255078458,75596318116.8783
"2021-04-24 23:45:04.631000-07:00",1.00003104497214,75464613807.54031
"2021-04-24 23:50:04.523000-07:00",0.99986709331374,75325633969.54086
"2021-04-24 23:55:04.819000-07:00",0.99995008585748,75181949566.10297
"2021-04-25 00:00:04.195000-07:00",0.99996271851507,75017004133.26912
"2021-04-25 00:05:04.675000-07:00",0.99995168399171,74839656608.79066
"2021-04-25 00:10:04.306000-07:00",0.99993786396991,74571455032.60342
"2021-04-25 00:15:04.793000-07:00",1.00011815174298,74383671960.53212
"2021-04-25 00:20:04.716000-07:00",0.99986781044221,74461056055.60263
"2021-04-25 00:25:04.965000-07:00",0.99993386968407,74375770465.78079
"2021-04-25 00:30:06.377000-07:00",1.00015383624057,74322273644.31505
"2021-04-25 00:35:04.064000-07:00",1.00016844853898,74371923529.03365
"2021-04-25 00:40:09.533000-07:00",1.00013374662015,74401319954.7558
"2021-04-25 00:45:04.044000-07:00",0.99987647846374,74378799409.10901
"2021-04-25 00:50:04.780000-07:00",1.00002201311096,74414383961.06094
"2021-04-25 00:55:09.127000-07:00",1.00000436227765,74488384585.71115
"2021-04-25 01:00:04.679000-07:00",1.00000624831371,74445210794.57642
"2021-04-25 01:05:04.450000-07:00",0.99983916482361,74372849731.01157
"2021-04-25 01:10:04.282000-07:00",0.99987519634779,74180850848.52432
"2021-04-25 01:15:04.626000-07:00",1.00013328727227,74102631472.07974
"2021-04-25 01:20:04.185000-07:00",0.99986960725977,74084368328.83679
"2021-04-25 01:25:04.997000-07:00",0.99999570603873,74220289188.73581
"2021-04-25 01:30:04.320000-07:00",1.00001666787708,74150966757.77623
"2021-04-25 01:35:09.352000-07:00",1.00009570653486,74098380531.36984
"2021-04-25 01:40:05.078000-07:00",0.99996683833944,74001601036.36198
"2021-04-25 01:45:04.824000-07:00",0.9998293224421,73929594369.06664
"2021-04-25 01:50:04.141000-07:00",1.00013859656417,90253168223.69693
"2021-04-25 01:55:04.533000-07:00",0.99996764872839,89926057099.84004
"2021-04-25 02:00:06.707000-07:00",0.99994837676885,89563675227.55998
"2021-04-25 02:05:04.676000-07:00",0.99990269751808,89280204472.0899
"2021-04-25 02:10:04.170000-07:00",1.00014710762035,89036224171.86836
"2021-04-25 02:15:04.668000-07:00",1.00008740629479,88748091787.35048
"2021-04-25 02:20:04.170000-07:00",1.00012584649544,88588332460.81055
"2021-04-25 02:25:04.780000-07:00",0.99999620373643,88463508087.26529
"2021-04-25 02:30:04.625000-07:00",1.00003135317475,88194553413.82834
"2021-04-25 02:35:05.384000-07:00",0.99988866503567,88245250256.6316
"2021-04-25 02:40:03.998000-07:00",1.00016235843497,88318586736.88495
"2021-04-25 02:45:04.504000-07:00",0.99981019619293,88365412919.11641
"2021-04-25 02:50:03.844000-07:00",1.00014860723205,88327017692.36757
"2021-04-25 02:55:04.706000-07:00",0.99999873611257,88665090922.24257
"2021-04-25 03:00:05.600000-07:00",1.00016754978774,89037466456.40276
"2021-04-25 03:05:04.893000-07:00",1.00007295564985,88725854519.47267
"2021-04-25 03:10:04.327000-07:00",0.99996144440849,88677375111.60318
"2021-04-25 03:15:05.015000-07:00",0.9999452780311,88750954908.32108
"2021-04-25 03:20:04.836000-07:00",1.00016631895478,88535077513.09724
"2021-04-25 03:25:04.201000-07:00",1.00016609990486,88485153017.26674
"2021-04-25 03:30:05.170000-07:00",0.99987870161442,87983416225.52495
"2021-04-25 03:35:04.509000-07:00",0.99985912527947,87748197583.14822
"2021-04-25 03:40:03.855000-07:00",0.99992205679109,87265923061.16377
"2021-04-25 03:45:04.344000-07:00",0.99983774065258,87060593254.19392
"2021-04-25 03:50:04.057000-07:00",1.00002815177763,87007297960.0128
"2021-04-25 03:55:04.364000-07:00",1.00002913601503,87102792474.95535
"2021-04-25 04:00:04.371000-07:00",0.99997125596756,86872028422.2935
"2021-04-25 04:05:04.110000-07:00",0.99994412795166,86515594908.5562
"2021-04-25 04:10:04.990000-07:00",0.99994182497893,85857364459.62361
"2021-04-25 04:15:04.299000-07:00",0.99994998953561,85405215894.97255
"2021-04-25 04:20:04.885000-07:00",1.00007064318653,85017083377.14394
"2021-04-25 04:25:04.383000-07:00",0.99982700745229,84847319486.08969
"2021-04-25 04:30:05.007000-07:00",0.99997183874521,84374906990.31264
"2021-04-25 04:35:04.331000-07:00",1.0001104557182,84325885023.54964
"2021-04-25 04:40:05.259000-07:00",0.99990095876336,84051428690.37206
"2021-04-25 04:45:04.516000-07:00",0.9998694203395,83770894965.77298
"2021-04-25 04:50:04.148000-07:00",0.99994313274992,83648858825.19002
"2021-04-25 04:55:04.672000-07:00",0.99984199010207,83559032993.39798
"2021-04-25 05:00:07.157000-07:00",1.00005580901397,83419667471.67133
"2021-04-25 05:05:03.813000-07:00",1.00003774356203,83009146186.77696
"2021-04-25 05:10:04.669000-07:00",1.00011428607147,82658614206.47815
"2021-04-25 05:15:04.426000-07:00",0.99981867131938,82657850015.91995
"2021-04-25 05:20:04.351000-07:00",0.99994587502143,82666545063.38326
"2021-04-25 05:25:04.696000-07:00",0.99989568865555,82544700157.47575
"2021-04-25 05:30:04.237000-07:00",1.00015726764894,81501062477.69954
"2021-04-25 05:35:04.993000-07:00",1.00013700413577,80354890127.69373
"2021-04-25 05:40:04.518000-07:00",0.99990631390093,80153033450.83377
"2021-04-25 05:45:03.988000-07:00",0.99997393017087,80016975885.95296
"2021-04-25 05:50:08.992000-07:00",1.0001175310043,79884838647.2287
"2021-04-25 05:55:04.893000-07:00",1.00019710036719,79908391892.30197
"2021-04-25 06:00:04.395000-07:00",1.00015573203465,80068751654.30815
"2021-04-25 06:05:04.323000-07:00",1.00007121168676,80075187837.88785
"2021-04-25 06:10:04.695000-07:00",1.00006620351351,79931928745.59294
"2021-04-25 06:15:04.442000-07:00",0.99993533206862,79938823549.77505
"2021-04-25 06:20:04.896000-07:00",1.00007040396702,79929223379.22615
"2021-04-25 06:25:05.250000-07:00",1.00005180724068,80184123154.23103
"2021-04-25 06:30:04.906000-07:00",0.99996378654658,80070205865.29472
"2021-04-25 06:35:04.741000-07:00",0.99995772854586,80045605207.24855
"2021-04-25 06:40:04.576000-07:00",1.00015231475423,80142506778.61722
"2021-04-25 06:45:03.883000-07:00",1.0001963082661,80027978422.34981
"2021-04-25 06:50:05.155000-07:00",1.00011157293711,80101880277.13904
"2021-04-25 06:55:04.473000-07:00",0.99993078363903,80098492404.10957
"2021-04-25 07:00:04.786000-07:00",1.00003913710311,80097384149.5217
"2021-04-25 07:05:04.939000-07:00",1.00019055028116,80007344857.66428
"2021-04-25 07:10:04.264000-07:00",0.9999246529098,79734030740.98325
"2021-04-25 07:15:05.362000-07:00",1.00000140601628,79622775361.61919
"2021-04-25 07:20:04.438000-07:00",0.99992334208544,79513721124.61067
"2021-04-25 07:25:04.287000-07:00",0.99986333943629,79544414790.92365
"2021-04-25 07:30:05.477000-07:00",1.00008622986837,79655516915.7505
"2021-04-25 07:35:03.927000-07:00",0.99982427731157,79775063411.61986
"2021-04-25 07:40:04.789000-07:00",1.00005648156517,79915052763.27577
"2021-04-25 07:45:04.597000-07:00",1.0001685504504,80291230582.39752
"2021-04-25 07:50:03.909000-07:00",1.00015144631587,80462443749.3152
"2021-04-25 07:55:04.265000-07:00",1.00016438179984,80604878109.03885
"2021-04-25 08:00:05.244000-07:00",0.99996650980123,80675594309.78378
"2021-04-25 08:05:04.331000-07:00",0.99998897382156,80462332484.07133
"2021-04-25 08:10:03.955000-07:00",0.99980194641386,80301653117.5098
"2021-04-25 08:15:04.997000-07:00",1.00014089525433,80314585758.152
"2021-04-25 08:20:04.726000-07:00",0.99996022132719,80356960147.67363
"2021-04-25 08:25:04.458000-07:00",1.00014975528179,80526755557.67953
"2021-04-25 08:30:04.026000-07:00",1.00014387755451,80547939604.89351
"2021-04-25 08:35:05.024000-07:00",0.99993668049458,80270521487.96083
"2021-04-25 08:40:05.540000-07:00",1.00014441293735,80031080914.20813
"2021-04-25 08:45:04.391000-07:00",0.99989805746946,79979168017.5164
"2021-04-25 08:50:04.165000-07:00",1.00006872610864,79701185205.1254
"2021-04-25 08:55:04.971000-07:00",0.99993863398994,79487953046.71086
"2021-04-25 09:00:05.411000-07:00",0.99990059946773,79510175535.11842
"2021-04-25 09:05:04.416000-07:00",1.00009109078298,79451182534.39566
"2021-04-25 09:10:04.316000-07:00",1.00005114699759,79253687318.50679
"2021-04-25 09:15:03.921000-07:00",0.99992830415345,79414698694.50853
"2021-04-25 09:20:04.736000-07:00",0.99983719210353,79418998924.44452
"2021-04-25 09:25:04.668000-07:00",1.00002297395419,79506380747.27705
"2021-04-25 09:30:04.528000-07:00",0.9999034895545,79637632658.04549
"2021-04-25 09:35:04.045000-07:00",0.99991807499874,79631626305.85153
"2021-04-25 09:40:05.076000-07:00",0.99984684903886,79542787661.41182
"2021-04-25 09:45:04.929000-07:00",1.00007167265068,79604074347.7159
"2021-04-25 09:50:05.143000-07:00",1.00011219482323,79588633801.05362
"2021-04-25 09:55:04.778000-07:00",1.00003725732344,79589456284.61662
"2021-04-25 10:00:04.551000-07:00",1.00008875471504,79672609182.02823
"2021-04-25 10:05:04.255000-07:00",0.99993043170664,79736757553.42648
"2021-04-25 10:10:04.817000-07:00",1.00016333582077,79635835752.76082
"2021-04-25 10:15:05.118000-07:00",1.00011660674919,79547744475.04893
"2021-04-25 10:20:04.925000-07:00",1.00018148350864,79430212484.55257
"2021-04-25 10:25:04.513000-07:00",1.00019171878862,78982021682.77304
"2021-04-25 10:30:08.661000-07:00",1.00004397774814,79145587166.77313
"2021-04-25 10:35:04.120000-07:00",0.99983402624628,79221893456.99908
"2021-04-25 10:40:04.850000-07:00",0.99984067177816,79312371034.50049
"2021-04-25 10:45:04.317000-07:00",0.99985806545994,79243892887.4619
"2021-04-25 10:50:04.645000-07:00",0.99998226986885,79131761143.7453
"2021-04-25 10:55:05.059000-07:00",0.99980309479142,79189867405.03639
"2021-04-25 11:00:06.333000-07:00",1.00011536287647,79183817441.02235
"2021-04-25 11:05:04.351000-07:00",1.00013173945696,79131090938.25128
"2021-04-25 11:10:04.179000-07:00",0.99984053662786,78956991316.98251
"2021-04-25 11:15:09.324000-07:00",1.00019453226974,79481669347.9589
"2021-04-25 11:20:05.131000-07:00",0.99995931470498,79401834987.48787
"2021-04-25 11:25:08.997000-07:00",0.99994284719536,79106408707.16345
"2021-04-25 11:30:05.032000-07:00",0.99992058957083,78909514616.8625
"2021-04-25 11:35:05.826000-07:00",0.99994838452508,79048905733.4949
"2021-04-25 11:40:09.652000-07:00",0.99995164504756,79066924643.3942
"2021-04-25 11:45:03.860000-07:00",1.00010058509455,79274789038.73114
"2021-04-25 11:50:09.150000-07:00",0.99981122813111,79535773756.04852
"2021-04-25 11:55:04.841000-07:00",1.00016491532603,79616811688.02856
"2021-04-25 12:00:06.841000-07:00",1.00009743734808,79670187940.0375
"2021-04-25 12:05:05.123000-07:00",1.00012389212617,79597966964.76575
"2021-04-25 12:10:06.099000-07:00",0.99993587740897,79705212204.06348
"2021-04-25 12:15:05.672000-07:00",1.00019075741426,79746159473.92224
"2021-04-25 12:20:05.486000-07:00",0.99982818721728,79701408571.11977
"2021-04-25 12:25:04.088000-07:00",1.00010670207436,79554475030.76591
"2021-04-25 12:30:05.062000-07:00",0.99992545129764,79469350258.13007
"2021-04-25 12:35:04.824000-07:00",1.00008730710557,78998332985.62213
"2021-04-25 12:40:04.737000-07:00",1.00019466608975,79290541081.14093
"2021-04-25 12:45:04.111000-07:00",1.00001582506835,79098352626.81569
"2021-04-25 12:50:04.635000-07:00",1.00015109851863,79051225135.75815
"2021-04-25 12:55:04.246000-07:00",1.00009785503757,79132054784.60878
"2021-04-25 13:00:09.724000-07:00",1.00018126513403,79498435771.23529
"2021-04-25 13:05:04.400000-07:00",0.99992903411783,79595688026.96854
"2021-04-25 13:10:04.274000-07:00",0.99997797485288,79765794494.47858
"2021-04-25 13:15:05.018000-07:00",1.00009885097568,79766654614.57387
"2021-04-25 13:20:05.030000-07:00",1.00003391472571,79698237811.32826
"2021-04-25 13:25:05.028000-07:00",0.99995844936043,79730658660.09912
"2021-04-25 13:30:06.746000-07:00",1.00001513266901,79831404951.70877
"2021-04-25 13:35:04.826000-07:00",0.99983888974786,79805526223.88055
"2021-04-25 13:40:04.827000-07:00",0.9998934108613,79727054787.79295
"2021-04-25 13:45:05.026000-07:00",1.00012349574455,79518887751.3354
"2021-04-25 13:50:05.332000-07:00",1.00002035422191,79580719471.42543
"2021-04-25 13:55:04.272000-07:00",0.99986588088208,79818903539.52596
"2021-04-25 14:00:05.191000-07:00",0.999981579946,80604340530.01825
"2021-04-25 14:05:05.623000-07:00",0.99994322855365,80963582018.2699
"2021-04-25 14:10:04.359000-07:00",1.00018273872467,81854480425.53735
"2021-04-25 14:15:04.397000-07:00",0.99986879294029,82468629479.00197
"2021-04-25 14:20:04.756000-07:00",0.9998940957617,82847468528.99954
"2021-04-25 14:25:05.420000-07:00",0.99993295553718,82958499251.42729
"2021-04-25 14:30:04.510000-07:00",1.00015326367622,82998898700.30707
"2021-04-25 14:35:04.021000-07:00",1.00009742170398,83069811729.23288
"2021-04-25 14:40:04.687000-07:00",1.00019837710588,83360607047.48026
"2021-04-25 14:45:04.507000-07:00",0.99988819003701,83728120923.00946
"2021-04-25 14:50:04.110000-07:00",0.99995972092173,84309667911.56735
"2021-04-25 14:55:04.370000-07:00",1.00015925027954,85445455356.96562
"2021-04-25 15:00:04.887000-07:00",0.99991202257899,85609908800.23488
"2021-04-25 15:05:04.654000-07:00",0.99994635988511,86003823124.90549
"2021-04-25 15:10:04.504000-07:00",0.99981727743861,86990517252.90253
"2021-04-25 15:15:04.196000-07:00",1.00000133046727,87410221612.67714
"2021-04-25 15:20:04.904000-07:00",1.00002071595518,87656823620.51164
"2021-04-25 15:25:04.354000-07:00",1.00004666170129,87927103330.82059
"2021-04-25 15:30:04.889000-07:00",1.00019799409711,88050451677.91241
"2021-04-25 15:35:04.208000-07:00",0.99986813770406,87940381623.48145
"2021-04-25 15:40:05.047000-07:00",1.00008963366374,88471308110.19847
"2021-04-25 15:45:04.684000-07:00",1.00019793991375,89194312024.82559
"2021-04-25 15:50:03.961000-07:00",0.99999290480186,89795992316.17053
"2021-04-25 15:55:04.318000-07:00",0.99999624095796,90159290302.05626
"2021-04-25 16:00:04.657000-07:00",1.00017661645195,90489128814.47182
"2021-04-25 16:05:04.323000-07:00",0.99998869751771,90505416545.6501
"2021-04-25 16:10:03.984000-07:00",0.99981702927605,90457791460.6642
"2021-04-25 16:15:04.666000-07:00",0.99997084019987,90483891501.99854
"2021-04-25 16:20:08.807000-07:00",0.99995084689925,90613968542.61546
"2021-04-25 16:25:04.377000-07:00",1.00009191593628,90888503697.2305
"2021-04-25 16:30:04.560000-07:00",1.00011350591849,91443142340.28546
"2021-04-25 16:35:04.218000-07:00",1.00010844765265,91838493522.71603
"2021-04-25 16:40:04.577000-07:00",0.99986087561011,92013694636.15048
"2021-04-25 16:45:04.366000-07:00",1.00012640372798,92063619891.21242
"2021-04-25 16:50:04.741000-07:00",1.00006233352315,92001116070.51775
"2021-04-25 16:55:04.769000-07:00",0.99995301138392,91900711684.78918
"2021-04-25 17:00:06.854000-07:00",1.00012894119979,91735656730.99709
"2021-04-25 17:05:09.573000-07:00",1.00015880889583,91831808121.86511
"2021-04-25 17:10:04.404000-07:00",1.00014679347846,92174728029.18762
"2021-04-25 17:15:09.724000-07:00",0.99993418593867,93852460745.47281
"2021-04-25 17:20:05.319000-07:00",1.00009409336355,94536811622.43839
"2021-04-25 17:25:04.786000-07:00",1.00016387409048,95294750095.8551
"2021-04-25 17:30:04.780000-07:00",1.00002873337257,95907927621.73888
"2021-04-25 17:35:05.155000-07:00",1.00016548022071,95940912201.86182
"2021-04-25 17:40:04.359000-07:00",1.00018426809932,97068900312.56657
"2021-04-25 17:45:04.825000-07:00",0.99995894095844,97880617074.64862
"2021-04-25 17:50:04.426000-07:00",1.00011826186414,98035699207.63216
"2021-04-25 17:55:04.157000-07:00",1.00000539394812,98119341518.10695
"2021-04-25 18:00:04.810000-07:00",1.00019400810942,98147520122.06102
"2021-04-25 18:05:04.266000-07:00",1.0000800582747,98395024720.83772
"2021-04-25 18:10:04.350000-07:00",1.00006800480012,98580996330.5732
"2021-04-25 18:15:04.437000-07:00",1.00005841691035,98890615000.33109
"2021-04-25 18:20:04.814000-07:00",1.00013036397424,98902413305.70723
"2021-04-25 18:25:09.370000-07:00",0.99986731829135,99171429195.04701
"2021-04-25 18:30:06.258000-07:00",1.00017710967947,99041647870.35999
"2021-04-25 18:35:04.921000-07:00",0.99993115696733,99945091165.24171
"2021-04-25 18:40:05.175000-07:00",0.99989380789112,100733413107.89731
"2021-04-25 18:45:09.919000-07:00",0.99997478054323,101599601434.55225
"2021-04-25 18:50:04.140000-07:00",1.00003013276919,101951870916.90137
"2021-04-25 18:55:05.594000-07:00",1.00008856410846,102784313176.28947
"2021-04-25 19:00:06.265000-07:00",0.99993026418453,103279712493.00003
"2021-04-25 19:05:04.629000-07:00",1.00007142528733,103906887749.40077
"2021-04-25 19:10:04.800000-07:00",0.9998448281155,104517996486.27994
"2021-04-25 19:15:04.171000-07:00",0.99995306260433,104691067419.22969
"2021-04-25 19:20:04.275000-07:00",0.99986713242916,104913648493.81433
"2021-04-25 19:25:05.253000-07:00",0.99998973640355,105064642449.65039
"2021-04-25 19:30:05.857000-07:00",1.00005817513805,105417724462.52261
"2021-04-25 19:35:04.369000-07:00",1.00004382102365,105455101050.29817
"2021-04-25 19:40:04.891000-07:00",1.00018900124833,105634141584.27608
"2021-04-25 19:45:04.478000-07:00",1.00002431669727,105824068001.60248
"2021-04-25 19:50:04.659000-07:00",0.99982529147568,106118087657.71342
"2021-04-25 19:55:05.166000-07:00",0.99986833192633,106441435861.32253
"2021-04-25 20:00:04.217000-07:00",0.99992553725852,106676129743.80844
"2021-04-25 20:05:05.143000-07:00",1.00018028722263,106948895050.54265
"2021-04-25 20:10:04.076000-07:00",0.99993100010381,107143163125.18277
"2021-04-25 20:15:04.281000-07:00",0.99998573657035,107379787729.8428
"2021-04-25 20:20:03.918000-07:00",1.0001006488264,107359753934.81287
"2021-04-25 20:25:04.431000-07:00",0.99997344362596,107072389003.53273
"2021-04-25 20:30:05.268000-07:00",0.99998043553865,106998265306.58434
"2021-04-25 20:35:04.153000-07:00",0.99997864423973,106916926794.77213
"2021-04-25 20:40:03.916000-07:00",0.9999776966077,107010918719.54759
"2021-04-25 20:45:05.193000-07:00",1.00015239838349,107081769268.47903
"2021-04-25 20:50:04.639000-07:00",1.00016629286855,107166641280.60143
"2021-04-25 20:55:04.730000-07:00",1.0000189304091,107254953486.33517
"2021-04-25 21:00:04.744000-07:00",0.99983849190281,107259500002.58025
"2021-04-25 21:05:04.897000-07:00",1.00011160322582,107543848081.27377
"2021-04-25 21:10:04.067000-07:00",1.00003655920781,107601673521.09631
"2021-04-25 21:15:04.559000-07:00",0.99993574314045,110139605983.82416
"2021-04-25 21:20:04.404000-07:00",1.00013736626055,110332687870.28801
"2021-04-25 21:25:04.447000-07:00",0.99998073413947,110374650308.58519
"2021-04-25 21:30:04.258000-07:00",0.99988298472042,110103416454.87708
"2021-04-25 21:35:04.810000-07:00",0.99980990967532,110246574350.54314
"2021-04-25 21:40:05.010000-07:00",0.99985957866091,110403159167.22762
"2021-04-25 21:45:04.988000-07:00",1.00003523677092,110512339839.56767
"2021-04-25 21:50:09.481000-07:00",1.00002137792783,110647185197.93065
"2021-04-25 21:55:05.352000-07:00",1.00019813077427,110704079543.3201
"2021-04-25 22:00:05.683000-07:00",1.00007744446923,110832489884.55287
"2021-04-25 22:05:08.729000-07:00",1.00011855556016,110836025693.43965
"2021-04-25 22:10:04.403000-07:00",0.99987329216118,110835537834.41408
"2021-04-25 22:15:05.625000-07:00",1.00004336952117,111101671848.94261
"2021-04-25 22:20:04.506000-07:00",0.99990981706374,111301317170.38266
"2021-04-25 22:25:04.329000-07:00",1.00010183321205,111619473889.44104
"2021-04-25 22:30:04.750000-07:00",1.00013690131849,111968585879.3608
"2021-04-25 22:35:05.194000-07:00",0.9998426460825,112177661533.09102
"2021-04-25 22:40:04.127000-07:00",1.00010068486154,112548037897.35744
"2021-04-25 22:45:04.657000-07:00",1.00004167440774,112730409088.75613
"2021-04-25 22:50:04.371000-07:00",0.99991425595439,112905386137.27846
"2021-04-25 22:55:05.754000-07:00",1.00004456115645,113066942638.28914
"2021-04-25 23:00:04.400000-07:00",0.99990331920232,113514117202.53561
"2021-04-25 23:05:04.630000-07:00",1.00003325375818,113976266614.7583
"2021-04-25 23:10:04.921000-07:00",0.99991491301623,114125088794.47478
"2021-04-25 23:15:04.241000-07:00",1.0000108196783,115087244682.62021
"2021-04-25 23:20:06.154000-07:00",0.99982949954636,115464713281.53796
"2021-04-25 23:25:04.375000-07:00",0.99999822773908,115732333761.43954
"2021-04-25 23:30:05.256000-07:00",1.00015830792172,116051114669.35013
"2021-04-25 23:35:09.383000-07:00",0.99989322216611,116301700485.7321
"2021-04-25 23:40:05.246000-07:00",1.00013272471278,116771610202.08809
"2021-04-25 23:45:04.564000-07:00",1.00004698684772,117235654509.23256
"2021-04-25 23:50:04.182000-07:00",0.99986546560738,117528860890.59474
"2021-04-25 23:55:05.002000-07:00",1.00006766683978,117723623625.03827
"2021-04-26 00:00:05.177000-07:00",1.00014552919802,118255103880.16646
"2021-04-26 00:05:04.544000-07:00",0.99990269026696,118173032556.56787
"2021-04-26 00:10:04.280000-07:00",1.00009914392586,118325113135.36789
"2021-04-26 00:15:04.019000-07:00",1.00001741327045,118643458820.94568
"2021-04-26 00:20:04.888000-07:00",0.99992417108181,118650507042.56528
"2021-04-26 00:25:05.283000-07:00",1.0000446788086,118831638334.20459
"2021-04-26 00:30:06.947000-07:00",1.00014983700864,119097598066.3351
"2021-04-26 00:35:05.024000-07:00",1.00016065592397,119438445946.1095
"2021-04-26 00:40:04.077000-07:00",1.00008131733219,119702600670.32413
"2021-04-26 00:45:04.264000-07:00",1.00019318261995,120095502163.73212
"2021-04-26 00:50:04.970000-07:00",1.00011620643026,120177608882.03691
"2021-04-26 00:55:04.812000-07:00",1.00013515268424,120245122105.27917
"2021-04-26 01:00:05.585000-07:00",0.9998334038481,120448389839.3583
"2021-04-26 01:05:03.955000-07:00",1.00018797744903,120516254532.32697
"2021-04-26 01:10:04.642000-07:00",0.99986397146061,120533446125.39362
"2021-04-26 01:15:04.325000-07:00",0.99989423699969,113062115979.55826
"2021-04-26 01:20:03.788000-07:00",1.00006271109004,113198000392.8425
"2021-04-26 01:25:04.052000-07:00",1.00014782420038,113231281140.63976
"2021-04-26 01:30:04.960000-07:00",0.99993749274281,113496884450.93205
"2021-04-26 01:35:04.570000-07:00",1.00016531212271,113462637969.37698
"2021-04-26 01:40:05.299000-07:00",0.99982829079537,113796371383.38681
"2021-04-26 01:50:04.407000-07:00",0.99980723112029,113625953567.91666
"2021-04-26 01:55:05.356000-07:00",0.9999973551685,113419753320.3047
"2021-04-26 02:00:04.107000-07:00",1.00010620932951,113472675925.93935
"2021-04-26 02:05:04.054000-07:00",0.99994898540288,113241303443.07724
"2021-04-26 02:10:04.614000-07:00",0.99985011715064,113125296100.80888
"2021-04-26 02:15:04.232000-07:00",0.99994751758724,113031473147.87505
"2021-04-26 02:20:05.012000-07:00",1.00018795436983,113095874849.70894
"2021-04-26 02:25:04.884000-07:00",1.00002419049649,113173340517.54099
"2021-04-26 02:30:05.124000-07:00",1.00002596884117,113122568125.5797
"2021-04-26 02:35:04.788000-07:00",1.00017405129196,112921957402.61305
"2021-04-26 02:40:04.590000-07:00",0.99999602757523,112981875278.0144
"2021-04-26 02:45:05.679000-07:00",0.99986943947454,112944340409.21742
"2021-04-26 02:50:04.420000-07:00",1.00009561209098,113406007466.26288
"2021-04-26 02:55:04.064000-07:00",0.99982098191127,114447697331.97954
"2021-04-26 03:00:04.944000-07:00",0.99991657909452,114412961850.03593
"2021-04-26 03:05:04.446000-07:00",0.99993738423923,114639036242.13824
"2021-04-26 03:10:03.932000-07:00",0.99991677330251,114426343339.01527
"2021-04-26 03:15:04.369000-07:00",1.00005351602641,114291373181.35979
"2021-04-26 03:20:03.963000-07:00",1.00005423586939,114339837948.05359
"2021-04-26 03:25:04.566000-07:00",1.00005281326638,114537637772.46703
"2021-04-26 03:30:05.210000-07:00",1.00008954752697,114782648242.07294
"2021-04-26 03:35:03.548000-07:00",1.00008585540572,114752919879.45238
"2021-04-26 03:40:03.945000-07:00",0.99980519575816,114660940955.19664
"2021-04-26 03:45:04.579000-07:00",0.99997818230068,114619860055.85017
"2021-04-26 03:50:04.109000-07:00",0.99993219849231,114529698712.3988
"2021-04-26 03:55:04.415000-07:00",0.99986593541072,114706713430.89038
"2021-04-26 04:00:05.232000-07:00",1.00000724717406,114520720130.77946
"2021-04-26 04:05:03.840000-07:00",1.0001088199434,114620549190.08522
"2021-04-26 04:10:04.294000-07:00",1.00005878580181,114406002796.93094
"2021-04-26 04:15:03.678000-07:00",1.00009002978609,114589696710.60278
"2021-04-26 04:20:04.226000-07:00",0.99994295049017,114688937901.344
"2021-04-26 04:25:04.402000-07:00",1.00017449146027,115013663531.49834
"2021-04-26 04:30:05.093000-07:00",1.00009329607965,115835032633.05234
"2021-04-26 04:35:04.771000-07:00",0.99997080006949,115987519919.90256
"2021-04-26 04:40:04.252000-07:00",0.99989523501292,116378667622.08562
"2021-04-26 04:45:04.576000-07:00",0.99986662982825,116519796743.0416
"2021-04-26 04:50:04.062000-07:00",1.0001192111912,116578127824.54657
"2021-04-26 04:55:04.796000-07:00",0.999948127674,116423873277.43434
"2021-04-26 05:00:04.999000-07:00",1.00003803733444,116660143343.72563
"2021-04-26 05:05:04.939000-07:00",1.00016442474749,116519242735.19951
"2021-04-26 05:10:04.823000-07:00",1.00002137628784,116784084371.4401
"2021-04-26 05:15:04.082000-07:00",1.00018929444239,116541655467.05893
"2021-04-26 05:20:04.777000-07:00",1.00003155492754,116488027735.0592
"2021-04-26 05:25:04.402000-07:00",0.99990963213307,116556376089.60243
"2021-04-26 05:30:05.068000-07:00",0.99989570613845,117025626638.38417
"2021-04-26 05:35:04.630000-07:00",1.00004430087472,117231022470.2871
"2021-04-26 05:40:04.539000-07:00",1.00016061468854,117596662138.42488
"2021-04-26 05:45:04.045000-07:00",0.99984416041752,117966311760.25148
"2021-04-26 05:50:09.043000-07:00",0.99980399229396,117959941957.05162
"2021-04-26 05:55:04.592000-07:00",1.00018820846231,117890336411.15472
"2021-04-26 06:00:04.734000-07:00",0.99992993630954,117930881122.29495
"2021-04-26 06:05:04.594000-07:00",0.99986611136719,117822593326.30182
"2021-04-26 06:10:04.398000-07:00",0.99984720167123,117778495210.3761
"2021-04-26 06:15:04.058000-07:00",0.99999111017494,117485052600.01123
"2021-04-26 06:20:04.719000-07:00",0.99992168288697,117566875656.19098
"2021-04-26 06:25:04.677000-07:00",1.00018803314599,118101011964.14282
"2021-04-26 06:30:04.595000-07:00",0.99987788499074,118551485778.68896
"2021-04-26 06:35:03.925000-07:00",0.99993396952295,118694908927.59978
"2021-04-26 06:40:04.445000-07:00",0.99987081554686,118606041938.41081
"2021-04-26 06:45:03.876000-07:00",0.99995672975472,118847034038.1447
"2021-04-26 06:50:04.630000-07:00",0.99991743616334,118895804743.1172
"2021-04-26 06:55:04.262000-07:00",1.00008915677568,118750896635.95752
"2021-04-26 07:00:05.116000-07:00",1.00014663720825,118768613807.92897
"2021-04-26 07:05:05.400000-07:00",1.0000094699068,118933982643.45387
"2021-04-26 07:10:03.567000-07:00",0.99995335934814,118817942219.62505
"2021-04-26 07:15:03.597000-07:00",0.99990057049414,118851531463.5883
"2021-04-26 07:20:08.827000-07:00",0.99990268159967,118812770642.50516
"2021-04-26 07:25:04.075000-07:00",1.000040166417,118831310989.28375
"2021-04-26 07:30:05.244000-07:00",0.99983686151557,118831658929.13216
"2021-04-26 07:35:04.855000-07:00",0.99990111866796,118842599832.61913
"2021-04-26 07:40:04.481000-07:00",1.00007399870179,118679268690.18321
"2021-04-26 07:45:03.506000-07:00",1.00015566831258,118702210459.25357
"2021-04-26 07:50:05.076000-07:00",0.99996010188961,118543014556.70593
"2021-04-26 07:55:04.723000-07:00",1.00013465963203,118547412789.44746
"2021-04-26 08:00:05.167000-07:00",0.99982454716624,118201350766.95181
"2021-04-26 08:05:09.384000-07:00",0.99999028773384,117872823393.49763
"2021-04-26 08:10:04.606000-07:00",1.0001949639475,117847208666.26216
"2021-04-26 08:15:03.993000-07:00",0.99999977445144,117509394116.30649
"2021-04-26 08:20:05.014000-07:00",1.00001010528129,117854191590.66054
"2021-04-26 08:25:04.614000-07:00",0.99985928324398,117995392750.13402
"2021-04-26 08:30:04.730000-07:00",0.99981488050362,118025810666.86752
"2021-04-26 08:35:04.771000-07:00",0.99998341046463,117923971145.54076
"2021-04-26 08:40:04.266000-07:00",0.9998843340313,117838689700.67451
"2021-04-26 08:45:04.682000-07:00",0.99983907780904,117967671308.68953
"2021-04-26 08:50:03.903000-07:00",1.00005518235249,117966054929.23236
"2021-04-26 08:55:04.290000-07:00",1.00000028098061,117865232267.54147
"2021-04-26 09:00:05.609000-07:00",1.00003581012767,117691551576.13506
"2021-04-26 09:05:04.854000-07:00",0.99994371305695,117869292578.89098
"2021-04-26 09:10:04.613000-07:00",1.00017500752268,117588986110.63586
"2021-04-26 09:15:03.828000-07:00",1.00011765713981,117814531373.0098
"2021-04-26 09:20:04.385000-07:00",0.99997494388748,117771260496.84622
"2021-04-26 09:25:03.521000-07:00",1.00008194172264,117756453769.15605
"2021-04-26 09:30:03.936000-07:00",1.00004321098322,117703157999.44766
"2021-04-26 09:35:04.363000-07:00",0.99984481330414,118015963823.3397
"2021-04-26 09:40:08.545000-07:00",0.99980019076525,118605683261.83156
"2021-04-26 09:45:03.493000-07:00",0.99993289449945,118750456437.06229
"2021-04-26 09:50:06.109000-07:00",1.00003856112805,118766071655.901
"2021-04-26 09:55:04.352000-07:00",1.00015449124114,119038512925.05083
"2021-04-26 10:00:04.824000-07:00",1.00011507543621,119089305215.14075
"2021-04-26 10:05:04.269000-07:00",1.00005604044541,119170055925.04745
"2021-04-26 10:10:04.757000-07:00",1.00015734861158,119571262261.92696
"2021-04-26 10:15:03.843000-07:00",0.99994288248436,119595327781.957
"2021-04-26 10:20:04.254000-07:00",1.00002242464951,119770849262.42317
"2021-04-26 10:25:04.936000-07:00",1.00003242022716,120519182716.11813
"2021-04-26 10:30:04.541000-07:00",0.99984613779945,120889210102.18158
"2021-04-26 10:35:03.779000-07:00",1.0000886639486,120983039124.18756
"2021-04-26 10:40:04.379000-07:00",1.00001333641601,120947577238.57004
"2021-04-26 10:45:03.466000-07:00",1.00010459930514,121151345154.24538
"2021-04-26 10:50:05.067000-07:00",0.99988535412618,121088056267.21126
"2021-04-26 10:55:04.593000-07:00",1.00013557698768,120941032098.59117
"2021-04-26 11:00:06.102000-07:00",0.99985909545902,121164991540.92558
"2021-04-26 11:05:04.566000-07:00",1.00019096300688,121072799972.90532
"2021-04-26 11:10:04.440000-07:00",1.00011145914947,120844413172.03209
"2021-04-26 11:15:03.436000-07:00",0.99998678330369,121061274516.32939
"2021-04-26 11:20:03.773000-07:00",1.00007843016928,120995509901.91666
"2021-04-26 11:25:03.787000-07:00",1.0000685707355,120851007034.19109
"2021-04-26 11:30:09.764000-07:00",1.00009203548714,120903363551.64224
"2021-04-26 11:35:03.702000-07:00",0.99992982371592,120919937285.57463
"2021-04-26 11:40:06.445000-07:00",1.00015144813431,120976925424.87852
"2021-04-26 11:45:04.349000-07:00",1.00008818339636,121055787081.79921
"2021-04-26 11:50:05.243000-07:00",0.99996843525056,120955536113.67674
"2021-04-26 11:55:04.570000-07:00",0.99998577713606,121130694309.57281
"2021-04-26 12:00:04.837000-07:00",1.0001853940878,121290699567.74278
"2021-04-26 12:05:04.507000-07:00",1.00012848346939,121309336650.76189
"2021-04-26 12:10:03.681000-07:00",1.00009925603336,121003302932.31274
"2021-04-26 12:15:05.598000-07:00",1.00019241739902,121580083906.3184
"2021-04-26 12:20:04.479000-07:00",0.99998716418049,121437138356.81499
"2021-04-26 12:25:03.511000-07:00",0.99983554589278,121583290886.30322
"2021-04-26 12:30:04.034000-07:00",1.00013783419574,121758464788.20433
"2021-04-26 12:35:04.941000-07:00",1.00016822986077,121339640957.03648
"2021-04-26 12:40:04.542000-07:00",0.99997806798126,121964816945.04442
"2021-04-26 12:45:03.634000-07:00",1.00001975159738,121946109086.21147
"2021-04-26 12:50:04.092000-07:00",1.000026402699,121826765716.07169
"2021-04-26 12:55:04.411000-07:00",0.99982242373737,121955393940.91202
"2021-04-26 13:00:04.757000-07:00",1.00011233494367,121802213949.01949
"2021-04-26 13:05:04.817000-07:00",0.99980205696629,121530007318.96118
"2021-04-26 13:10:04.451000-07:00",0.99986933986513,121334793825.13968
"2021-04-26 13:15:03.447000-07:00",0.99984866290132,121234381879.10297
"2021-04-26 13:20:03.570000-07:00",0.99987493809558,121119607762.95325
"2021-04-26 13:25:03.568000-07:00",0.99991015356002,121036593137.2474
"2021-04-26 13:30:08.644000-07:00",1.00006542674966,121166394822.83499
"2021-04-26 13:35:03.971000-07:00",1.00018200518475,121219984022.51805
"2021-04-26 13:40:04.297000-07:00",0.99995428992112,121616061231.35481
"2021-04-26 13:45:04.951000-07:00",0.99980746162868,121804872209.31488
"2021-04-26 13:50:04.259000-07:00",1.00013625466339,121264892781.1749
"2021-04-26 13:55:04.680000-07:00",1.0000239162615,120248981984.78065
"2021-04-26 14:00:04.237000-07:00",0.99999003351194,119358540515.08202
"2021-04-26 14:05:03.646000-07:00",1.00017900454783,118132830516.95612
"2021-04-26 14:10:03.603000-07:00",1.00005097292354,117577064792.63318
"2021-04-26 14:15:03.515000-07:00",1.00016444022891,117828526835.49907
"2021-04-26 14:20:03.586000-07:00",1.0000334621769,117501134127.60631
"2021-04-26 14:25:03.537000-07:00",1.00018003821975,117306167801.56497
"2021-04-26 14:30:03.501000-07:00",1.00018711443092,117226018250.69136
"2021-04-26 14:35:03.568000-07:00",1.00014192188181,117385543341.37007
"2021-04-26 14:40:03.629000-07:00",1.00016840208968,117561768916.93573
"2021-04-26 14:45:03.539000-07:00",0.99989173091626,117455085258.05478
"2021-04-26 14:50:03.516000-07:00",1.0001357092606,116962795009.95787
"2021-04-26 14:55:05.225000-07:00",1.00018185643341,116495083591.05684
"2021-04-26 15:00:05.382000-07:00",0.99988365192134,116186966081.85643
"2021-04-26 15:05:04.292000-07:00",0.99992933517884,115791414807.76764
"2021-04-26 15:10:09.773000-07:00",1.00003383930202,114763785124.31146
"2021-04-26 15:15:03.975000-07:00",1.00004976051155,115410121009.3559
"2021-04-26 15:20:04.515000-07:00",0.99990378408986,116190442837.07811
"2021-04-26 15:25:03.502000-07:00",0.99988233170413,116394857389.98874
"2021-04-26 15:30:04.690000-07:00",1.00000559540794,116156803438.4312
"2021-04-26 15:35:03.660000-07:00",0.99982065600762,115935833729.81197
"2021-04-26 15:40:03.802000-07:00",0.99990392046682,116000995938.34024
"2021-04-26 15:45:03.743000-07:00",0.99989215774314,115610982317.20016
"2021-04-26 15:50:04.409000-07:00",1.00012972811882,115268308754.7919
"2021-04-26 15:55:03.413000-07:00",1.0000190254035,114937741751.33328
"2021-04-26 16:00:05.387000-07:00",1.00003869575196,114856175194.62622
"2021-04-26 16:05:03.588000-07:00",0.99991745297385,114467343109.3665
"2021-04-26 16:10:03.640000-07:00",1.00001546246253,114391669640.60999
"2021-04-26 16:15:03.616000-07:00",1.00013015650431,114513284029.26317
"2021-04-26 16:20:03.921000-07:00",0.99990479408463,114488897401.11967
"2021-04-26 16:25:04.401000-07:00",1.00001722542834,114673041148.45888
"2021-04-26 16:30:04.868000-07:00",1.00007844560129,114571357309.28023
"2021-04-26 16:35:04.080000-07:00",1.0001978550832,114277077636.73672
"2021-04-26 16:40:04.598000-07:00",1.00006443674198,114180392090.9322
"2021-04-26 16:45:03.543000-07:00",1.00004107268496,114364748575.78346
"2021-04-26 16:50:03.585000-07:00",0.99980635821061,114346790543.01675
"2021-04-26 16:55:03.755000-07:00",1.00010968057521,114472462097.83873
"2021-04-26 17:00:05.651000-07:00",1.00019975315649,114685210460.36182
"2021-04-26 17:05:04.047000-07:00",1.00009291391244,114539617949.62196
"2021-04-26 17:10:04.649000-07:00",1.00017511878053,114473436971.95836
"2021-04-26 17:15:03.959000-07:00",0.99990338345518,113959631315.40306
"2021-04-26 17:20:04.345000-07:00",1.0000066627048,113430681961.11401
"2021-04-26 17:25:04.764000-07:00",1.00013820803998,112641950399.17786
"2021-04-26 17:30:04.556000-07:00",1.0000868454011,112220216770.2787
"2021-04-26 17:35:03.760000-07:00",0.99998597809907,112143482583.8634
"2021-04-26 17:40:03.702000-07:00",1.00000731517276,111894365021.08162
"2021-04-26 17:45:03.644000-07:00",1.00002106557308,111588717062.54608
"2021-04-26 17:50:03.725000-07:00",0.99986805231627,111297675903.1527
"2021-04-26 17:55:03.695000-07:00",0.99985585261042,111094931015.1689
"2021-04-26 18:00:04.055000-07:00",1.00005085679868,110883569369.6395
"2021-04-26 18:05:03.600000-07:00",1.00001937549634,110421323744.96883
"2021-04-26 18:10:03.741000-07:00",1.00015985879793,110388149306.23758
"2021-04-26 18:15:03.881000-07:00",0.99998804229344,110384592677.0574
"2021-04-26 18:20:04.054000-07:00",1.00018038412827,110501053778.3433
"2021-04-26 18:25:04.383000-07:00",1.00018491818457,110445672058.48633
"2021-04-26 18:30:05.344000-07:00",1.00011261213761,110548210374.13297
"2021-04-26 18:35:03.651000-07:00",0.99986673129865,110300283489.11894
"2021-04-26 18:40:03.581000-07:00",1.00018997208826,110033093368.41342
"2021-04-26 18:45:03.407000-07:00",1.0001179279319,109654956802.86386
"2021-04-26 18:50:04.487000-07:00",0.99989487270614,109527092446.93184
"2021-04-26 18:55:03.386000-07:00",0.99995405398633,109202161352.43521
"2021-04-26 19:00:04.854000-07:00",1.00005055905832,109047577374.80385
"2021-04-26 19:05:04.639000-07:00",1.00006117234201,108755828147.16525
"2021-04-26 19:10:03.675000-07:00",0.99985097305217,108472588952.55547
"2021-04-26 19:15:03.552000-07:00",0.99999870516634,108437807088.6285
"2021-04-26 19:20:03.554000-07:00",1.00013462430924,108275597452.77225
"2021-04-26 19:25:03.516000-07:00",0.99985875944169,107952613629.21179
"2021-04-26 19:30:03.626000-07:00",0.99980773511908,107756749153.70918
"2021-04-26 19:35:03.776000-07:00",1.00006181704703,107716025906.05681
"2021-04-26 19:40:04.032000-07:00",1.00006135903202,107383170171.84888
"2021-04-26 19:45:04.142000-07:00",0.99980686532687,107356010271.31415
"2021-04-26 19:50:04.262000-07:00",1.00000290495214,107271072592.54187
"2021-04-26 19:55:04.494000-07:00",1.00013366504921,107199661747.93396
"2021-04-26 20:00:03.944000-07:00",1.0000802018042,107127567201.66486
"2021-04-26 20:05:04.180000-07:00",1.00007616025348,106945027162.46542
"2021-04-26 20:10:04.895000-07:00",0.99988369080697,106633529260.96162
"2021-04-26 20:15:03.782000-07:00",0.99987603952221,106537401787.91377
"2021-04-26 20:20:03.826000-07:00",1.00018328647263,106516919730.42937
"2021-04-26 20:25:03.874000-07:00",1.00015715279594,106323653635.54808
"2021-04-26 20:30:03.920000-07:00",1.00018006323794,106350844665.94038
"2021-04-26 20:35:03.749000-07:00",1.00017138527333,106537863454.80528
"2021-04-26 20:40:03.798000-07:00",1.00008744929834,106634626247.49487
"2021-04-26 20:45:03.704000-07:00",1.00007825736322,106710159180.33847
"2021-04-26 20:50:03.532000-07:00",0.99984919597253,106783211780.22829
"2021-04-26 20:55:03.379000-07:00",1.00010885113026,106787482062.69669
"2021-04-26 21:00:04.774000-07:00",1.00009539883512,106753070798.74704
"2021-04-26 21:05:04.322000-07:00",1.0001033244158,106545077727.6912
"2021-04-26 21:10:09.318000-07:00",1.00011847151742,106331129636.20636
"2021-04-26 21:15:04.275000-07:00",1.00003254805431,106173857127.59695
"2021-04-26 21:20:03.392000-07:00",0.99986306384298,105918605012.29814
"2021-04-26 21:25:04.542000-07:00",1.00014194445834,105904680056.31316
"2021-04-26 21:30:04.219000-07:00",1.00014350150947,106088744444.59792
"2021-04-26 21:35:03.630000-07:00",1.00018794003611,105862810019.98749
"2021-04-26 21:40:03.993000-07:00",0.99986639023673,105942218862.79675
"2021-04-26 21:45:04.113000-07:00",1.00008371543915,105879572699.3851
"2021-04-26 21:50:04.399000-07:00",0.99986961473511,105813254388.28671
"2021-04-26 21:55:09.329000-07:00",0.9998727854831,105865339367.43738
"2021-04-26 22:00:05.383000-07:00",1.00007127485181,106032997058.20802
"2021-04-26 22:05:03.651000-07:00",0.99982981404322,106224039555.44682
"2021-04-26 22:10:03.561000-07:00",0.99994378477128,106516985339.70346
"2021-04-26 22:15:03.381000-07:00",1.00007911083596,106609266858.1845
"2021-04-26 22:20:03.647000-07:00",1.00008004708754,106529248454.56523
"2021-04-26 22:25:03.552000-07:00",1.0000222334586,106526427317.73193
"2021-04-26 22:30:04.177000-07:00",1.00016855084254,106690415080.99324
"2021-04-26 22:35:03.776000-07:00",1.00019544709136,106731129060.58717
"2021-04-26 22:40:03.887000-07:00",1.00019767676431,106648334113.33417
"2021-04-26 22:45:03.789000-07:00",0.99987565231144,106731025991.56175
"2021-04-26 22:50:03.618000-07:00",0.99989151640827,106604977782.00418
"2021-04-26 22:55:03.447000-07:00",0.99986630973854,106762541793.86885
"2021-04-26 23:00:05.751000-07:00",0.99993289301254,106739075385.78041
"2021-04-26 23:05:04.358000-07:00",1.00003734744312,106736397110.71419
"2021-04-26 23:10:03.821000-07:00",1.00014409484021,106791885496.80109
"2021-04-26 23:15:03.873000-07:00",1.00008892950599,107433862288.54958
"2021-04-26 23:20:03.933000-07:00",1.00002827266654,107350954535.96301
"2021-04-26 23:25:03.866000-07:00",0.99991071435751,107380453745.46776
"2021-04-26 23:30:04.020000-07:00",0.99994173219493,107620835472.96394
"2021-04-26 23:35:04.017000-07:00",0.99988954636049,107601667485.94667
"2021-04-26 23:40:04.051000-07:00",1.00012864530752,107565838068.90494
"2021-04-26 23:45:04.709000-07:00",1.00007462031852,107416722929.41595
"2021-04-26 23:50:03.722000-07:00",1.00013394888961,107330563573.75018
"2021-04-26 23:55:03.938000-07:00",0.99988079424846,107272811894.88747
"2021-04-27 00:00:04.296000-07:00",1.00007329375818,107196215608.72113
"2021-04-27 00:05:03.709000-07:00",0.99989813279763,106864867446.6735
"2021-04-27 00:10:03.887000-07:00",0.99991354826963,106546653705.54527
"2021-04-27 00:15:04.375000-07:00",1.00002917775929,106259831359.06664
"2021-04-27 00:20:03.512000-07:00",0.9999675512843,106151167944.24423
"2021-04-27 00:25:04.609000-07:00",1.00005958373398,106130137348.29875
"2021-04-27 00:30:04.087000-07:00",0.99992808967514,106050314313.78569
"2021-04-27 00:35:04.025000-07:00",0.99984053549573,106013115997.66714
"2021-04-27 00:40:03.976000-07:00",1.00000670589954,105861196254.8946
"2021-04-27 00:45:03.806000-07:00",1.0000813778911,105878722530.8585
"2021-04-27 00:50:03.700000-07:00",0.99989091044592,105965318029.32294
"2021-04-27 00:55:03.673000-07:00",1.00003571650884,105938517810.58286
"2021-04-27 01:00:03.963000-07:00",1.00015729496452,105717110944.27213
"2021-04-27 01:05:04.129000-07:00",0.99998325627913,105693154279.92442
"2021-04-27 01:10:04.169000-07:00",1.00010012048447,105790235232.76582
"2021-04-27 01:15:03.989000-07:00",1.00019251411829,106056675168.14964
"2021-04-27 01:20:04.017000-07:00",0.99981075527026,105934151745.65251
"2021-04-27 01:25:04.127000-07:00",1.00019697636013,105998435758.55348
"2021-04-27 01:30:04.572000-07:00",0.99985003801287,106156556234.33781
"2021-04-27 01:35:03.588000-07:00",1.00004906027576,106056835930.12317
"2021-04-27 01:40:03.559000-07:00",1.00002789864121,105987002488.74414
"2021-04-27 01:45:03.356000-07:00",0.99999324648255,105917883546.81468
"2021-04-27 01:50:04.184000-07:00",1.00014722980578,105949198192.98265
"2021-04-27 01:55:04.088000-07:00",1.00012469512766,105948236933.28522
"2021-04-27 02:00:03.950000-07:00",1.00014140867332,105832209727.21394
"2021-04-27 02:05:03.832000-07:00",0.99990002447584,105839061007.52283
"2021-04-27 02:10:05.097000-07:00",0.99981485056024,105865937811.52438
"2021-04-27 02:15:04.193000-07:00",0.99983226852477,105418379655.03671
"2021-04-27 02:20:03.403000-07:00",0.99981669980301,105600024034.3228
"2021-04-27 02:25:04.469000-07:00",1.00014270999343,105827569513.92389
"2021-04-27 02:30:04.109000-07:00",0.99994010832325,105896797962.64064
"2021-04-27 02:35:04.449000-07:00",1.00005173989591,105790131571.83456
"2021-04-27 02:40:03.722000-07:00",0.99995718989212,105900443177.49814
"2021-04-27 02:45:03.571000-07:00",0.99992273104763,105973790816.14111
"2021-04-27 02:50:03.505000-07:00",1.00007022585992,105833424662.9342
"2021-04-27 02:55:04.337000-07:00",1.00019775924646,105289260637.47787
"2021-04-27 03:00:05.384000-07:00",0.99982684567172,105008131356.81299
"2021-04-27 03:05:04.007000-07:00",0.99990515216085,104696595020.87756
"2021-04-27 03:10:04.185000-07:00",0.99996713648958,104704206484.20374
"2021-04-27 03:15:04.204000-07:00",0.99990668967986,104714770311.32745
"2021-04-27 03:20:03.849000-07:00",0.99989328820842,104518786358.74963
"2021-04-27 03:25:03.727000-07:00",0.99980337057397,104425432121.35742
"2021-04-27 03:30:03.566000-07:00",1.00012106064211,104603278027.58461
"2021-04-27 03:35:03.388000-07:00",0.99998420034874,104527650414.71985
"2021-04-27 03:40:04.244000-07:00",1.00008026429386,104525387794.92892
"2021-04-27 03:45:04.290000-07:00",0.99987937721132,104503075788.9074
"2021-04-27 03:50:04.209000-07:00",0.99995464990223,104418967278.78712
"2021-04-27 03:55:04.286000-07:00",1.00000608939169,104532453981.14102
"2021-04-27 04:00:06.079000-07:00",0.99984154917607,104577845796.0051
"2021-04-27 04:05:03.701000-07:00",0.99983002555183,104480787069.22095
"2021-04-27 04:10:03.659000-07:00",1.00007649431154,104755353093.58565
"2021-04-27 04:15:03.412000-07:00",1.00014501840663,104810032182.45454
"2021-04-27 04:20:03.497000-07:00",0.99999234418564,104914684254.29031
"2021-04-27 04:25:03.286000-07:00",0.99991864260442,104832656566.85838
"2021-04-27 04:30:04.175000-07:00",1.00013711058786,104463988614.19135
"2021-04-27 04:35:04.233000-07:00",0.99999362862438,104381774725.24817
"2021-04-27 04:40:03.935000-07:00",1.00016495782805,104379413462.73024
"2021-04-27 04:45:03.779000-07:00",1.00013791988368,104477686247.23392
"2021-04-27 04:50:03.720000-07:00",0.99989008125108,104362911872.61197
"2021-04-27 04:55:03.574000-07:00",1.00005464421326,104644291180.53494
"2021-04-27 05:00:03.979000-07:00",0.99986013237193,104669250061.77069
"2021-04-27 05:05:03.401000-07:00",0.9999176650555,104532919893.40456
"2021-04-27 05:10:03.302000-07:00",0.99983500877651,104326564532.46373
"2021-04-27 05:15:04.199000-07:00",1.00009667114358,104142882559.48442
"2021-04-27 05:20:04.206000-07:00",1.00002065499047,103925232983.99869
"2021-04-27 05:25:04.066000-07:00",0.99985264137007,103906981216.35739
"2021-04-27 05:30:04.482000-07:00",1.00008655642077,103940883842.2838
"2021-04-27 05:35:04.196000-07:00",0.99991006599875,103732424755.42413
"2021-04-27 05:40:09.321000-07:00",0.99984184329622,103605997624.8842
"2021-04-27 05:45:03.337000-07:00",0.99990656778364,103140846986.32945
"2021-04-27 05:50:04.212000-07:00",0.99995282200709,103118701905.31499
"2021-04-27 05:55:04.157000-07:00",1.00017691169231,102880096153.89047
"2021-04-27 06:00:04.919000-07:00",0.99991543467407,102520258427.43623
"2021-04-27 06:05:03.725000-07:00",1.00013334809489,102237654337.69456
"2021-04-27 06:10:03.823000-07:00",1.00017786026481,102036462033.19452
"2021-04-27 06:15:03.673000-07:00",1.00008466516229,102052531232.7244
"2021-04-27 06:20:03.694000-07:00",1.00002113684205,101907744312.9435
"2021-04-27 06:25:03.985000-07:00",0.99995420249877,101615152962.08977
"2021-04-27 06:30:04.147000-07:00",0.99982252693752,101634182768.31735
"2021-04-27 06:35:04.223000-07:00",0.99982828641076,101486650176.47714
"2021-04-27 06:40:04.138000-07:00",1.0000228188621,101334399855.88043
"2021-04-27 06:45:04.001000-07:00",0.9998106449354,101592107228.41116
"2021-04-27 06:50:03.951000-07:00",0.99989125091525,101883132077.6562
"2021-04-27 06:55:03.893000-07:00",1.00003187442704,102244253053.2943
"2021-04-27 07:00:04.523000-07:00",0.99984204096376,102148907739.56538
"2021-04-27 07:05:03.823000-07:00",1.00001542372865,102053757134.4178
"2021-04-27 07:10:03.815000-07:00",1.00011775275385,101885594802.97308
"2021-04-27 07:15:03.882000-07:00",1.00014012396583,102403107568.1887
"2021-04-27 07:20:04.141000-07:00",0.99992059394903,102662950356.04608
"2021-04-27 07:25:04.075000-07:00",0.99981174575583,103189389858.7497
"2021-04-27 07:30:03.978000-07:00",1.00012353928676,104241715450.87108
"2021-04-27 07:35:04.202000-07:00",0.99997302777853,104919602376.35878
"2021-04-27 07:40:04.236000-07:00",1.00014843744582,104939905201.20776
"2021-04-27 07:45:04.068000-07:00",1.0000041794561,106854335583.38928
"2021-04-27 07:50:04.187000-07:00",0.99985634273336,107316624689.3179
"2021-04-27 08:00:07.434000-07:00",0.99986302842105,107663482005.51547
"2021-04-27 08:05:04.026000-07:00",1.00006996841288,107528872394.6971
"2021-04-27 08:10:04.037000-07:00",1.0001703538689,107475740808.45813
"2021-04-27 08:15:03.956000-07:00",1.00016138129794,107702359648.25275
"2021-04-27 08:20:04.028000-07:00",1.00019778046032,107600274738.20732
"2021-04-27 08:25:03.863000-07:00",0.99993230380857,107716663241.83319
"2021-04-27 08:30:04.076000-07:00",0.9999315511241,107869425911.81711
"2021-04-27 08:35:04.352000-07:00",0.99994495619147,107912233629.2349
"2021-04-27 08:40:04.391000-07:00",0.99991209921484,108132553398.33292
"2021-04-27 08:45:04.273000-07:00",0.99982872746584,108537956570.39946
"2021-04-27 08:50:04.376000-07:00",1.00009794757964,108867554176.62271
"2021-04-27 08:55:03.894000-07:00",0.99998773968873,108941755426.71269
"2021-04-27 09:00:07.826000-07:00",1.0001582039125,109132190198.71777
"2021-04-27 09:05:03.950000-07:00",0.99996556557373,108924292638.30472
"2021-04-27 09:10:03.927000-07:00",1.00005456502354,108395972500.1581
"2021-04-27 09:15:03.756000-07:00",1.00017424227809,108454479631.91882
"2021-04-27 09:20:03.885000-07:00",1.00016596491631,108508256004.4147
"2021-04-27 09:25:03.845000-07:00",1.00014012259162,108544986092.0738
"2021-04-27 09:30:04.009000-07:00",0.99982020661367,107999677356.6475
"2021-04-27 09:35:04.021000-07:00",1.00017954073259,107728905313.5168
"2021-04-27 09:40:04.022000-07:00",1.00010958099858,107915089679.95627
"2021-04-27 09:45:03.849000-07:00",0.99983347811747,107844945319.40323
"2021-04-27 09:50:03.819000-07:00",0.99989778945866,107873068610.85887
"2021-04-27 09:55:03.720000-07:00",0.99987748163096,107619953178.88582
"2021-04-27 10:00:05.547000-07:00",1.00008950996949,107825134912.48024
"2021-04-27 10:05:04.006000-07:00",1.00004265327078,107696972919.70753
"2021-04-27 10:10:04.413000-07:00",0.99984496500105,107710460164.67647
"2021-04-27 10:15:04.386000-07:00",0.99995720313749,107902243667.36453
"2021-04-27 10:20:03.538000-07:00",1.0001557076215,108007788212.8717
"2021-04-27 10:25:03.783000-07:00",0.99997079998765,108054126334.3266
"2021-04-27 10:30:03.837000-07:00",0.99985940727119,107979293894.20042
"2021-04-27 10:35:03.806000-07:00",0.99987508060605,107772703394.82349
"2021-04-27 10:40:04.608000-07:00",0.99995854152033,107663079403.57516
"2021-04-27 10:45:04.338000-07:00",0.99989292152807,107554085972.4584
"2021-04-27 10:50:03.623000-07:00",1.00000250683146,107468130002.04414
"2021-04-27 10:55:03.601000-07:00",0.99997825624429,107466891281.81
"2021-04-27 11:00:05.325000-07:00",1.00012908520481,107505288872.37395
"2021-04-27 11:05:03.702000-07:00",0.99998431037445,107244840606.47995
"2021-04-27 11:10:03.661000-07:00",0.99993183660222,107027474154.64314
"2021-04-27 11:15:03.774000-07:00",1.00008425855658,107000447404.58519
"2021-04-27 11:20:03.993000-07:00",1.00010287247975,106995141338.74767
"2021-04-27 11:25:05.093000-07:00",1.0001755904507,107041532109.79277
"2021-04-27 11:30:04.243000-07:00",1.00000535612301,107047466290.96184
"2021-04-27 11:35:04.518000-07:00",1.00000917366819,107127791017.9201
"2021-04-27 11:40:04.675000-07:00",0.99982622852741,107165120540.51233
"2021-04-27 11:45:04.045000-07:00",0.99988534011445,106974268646.9688
"2021-04-27 11:50:04.382000-07:00",1.00011001861541,106785722892.81287
"2021-04-27 11:55:03.300000-07:00",0.99999116852916,106796003926.97424
"2021-04-27 12:00:05.393000-07:00",1.00003710066122,106894160060.545
"2021-04-27 12:05:04.179000-07:00",1.00002881121875,106794412326.83623
"2021-04-27 12:10:04.053000-07:00",0.99997433673352,106131526331.24416
"2021-04-27 12:15:04.316000-07:00",1.00012672748612,106063066385.39977
"2021-04-27 12:20:03.949000-07:00",1.00008675209602,105888041421.5573
"2021-04-27 12:25:04.540000-07:00",1.00007325559722,105830835039.18237
"2021-04-27 12:30:05.235000-07:00",1.00005726648295,105584647523.79205
"2021-04-27 12:35:04.687000-07:00",0.99982805700543,105581182866.4389
"2021-04-27 12:40:11.535000-07:00",1.0001234194193,105533030020.91084
"2021-04-27 12:45:03.843000-07:00",0.9998456794257,105576042243.36444
"2021-04-27 12:50:04.199000-07:00",1.00010243443601,105576057765.16168
"2021-04-27 12:55:04.092000-07:00",0.99991037673364,105654915467.73378
"2021-04-27 13:00:04.703000-07:00",0.99999796741773,105830519577.4694
"2021-04-27 13:05:04.491000-07:00",0.99985295705084,105737572580.60103
"2021-04-27 13:10:03.455000-07:00",0.99980292858285,105917917043.58205
"2021-04-27 13:15:04.335000-07:00",1.0001880993657,105864935366.7046
"2021-04-27 13:20:03.396000-07:00",1.00010339712572,105780022308.0791
"2021-04-27 13:25:03.610000-07:00",1.00017013332695,105678367307.42834
"2021-04-27 13:30:03.677000-07:00",1.0001881189388,105479052869.3153
"2021-04-27 13:35:03.604000-07:00",0.99986161531408,105360972445.87445
"2021-04-27 13:40:03.494000-07:00",0.99997103647002,105257721145.90642
"2021-04-27 13:45:03.242000-07:00",1.00003371413224,105392167766.0815
"2021-04-27 13:50:04.054000-07:00",1.00005245103563,105338692616.28876
"2021-04-27 13:55:03.902000-07:00",0.99996074210537,105258892192.35623
"2021-04-27 14:00:04.154000-07:00",0.99991534698517,105350515620.81366
"2021-04-27 14:05:04.340000-07:00",1.00016086765636,105109258483.9599
"2021-04-27 14:10:03.366000-07:00",1.00019736869572,104349264658.72128
"2021-04-27 14:15:04.284000-07:00",0.99982924838762,104266601129.16716
"2021-04-27 14:20:03.646000-07:00",0.99996374177539,103996039893.81775
"2021-04-27 14:25:03.615000-07:00",0.99987709503143,103788983266.43877
"2021-04-27 14:30:03.664000-07:00",0.99992723243091,103625625410.98705
"2021-04-27 14:35:03.651000-07:00",1.00016732258381,103468613469.3661
"2021-04-27 14:40:03.787000-07:00",1.00001387062016,103287277087.03394
"2021-04-27 14:45:03.818000-07:00",1.00017329835331,103166062381.62308
"2021-04-27 14:50:03.641000-07:00",0.99999216965513,103225077347.71394
"2021-04-27 14:55:04.088000-07:00",1.00010669827049,103361928516.59131
"2021-04-27 15:00:04.650000-07:00",0.99997113248001,103398746305.69171
"2021-04-27 15:05:04.513000-07:00",1.00019852249367,103089635547.79745
"2021-04-27 15:10:03.526000-07:00",1.00015156331102,102811059619.99725
"2021-04-27 15:15:04.624000-07:00",1.0000325821411,102714039833.0444
"2021-04-27 15:20:04.440000-07:00",1.00018782754135,102204461666.0093
"2021-04-27 15:25:03.516000-07:00",0.99995158226058,101779422365.32877
"2021-04-27 15:30:04.052000-07:00",0.99995424259425,101605911214.4885
"2021-04-27 15:35:04.177000-07:00",1.0001717432581,101549335312.17293
"2021-04-27 15:40:04.167000-07:00",1.00003504816134,101428674128.62541
"2021-04-27 15:45:04.253000-07:00",1.00011574408128,101324699766.84366
"2021-04-27 15:50:04.439000-07:00",1.00003324231346,101173531884.12769
"2021-04-27 15:55:03.561000-07:00",0.99987335180773,101096949030.36198
"2021-04-27 16:00:04.268000-07:00",0.99985099146666,101185831874.80397
"2021-04-27 16:05:03.481000-07:00",0.99982597218761,100839236645.38155
"2021-04-27 16:10:03.367000-07:00",1.00013570250116,100860454336.37549
"2021-04-27 16:15:04.206000-07:00",0.99988729421654,100974261182.73291
"2021-04-27 16:20:04.305000-07:00",1.00009590770693,101030415957.73987
"2021-04-27 16:25:04.123000-07:00",1.0001764231121,100599353693.69643
"2021-04-27 16:30:04.125000-07:00",0.99988105651543,100492895913.67601
"2021-04-27 16:35:04.078000-07:00",0.99991896599439,100319147407.93753
"2021-04-27 16:40:04.201000-07:00",0.99983522868513,100571015871.15744
"2021-04-27 16:45:04.229000-07:00",0.99993068500175,100853082014.80898
"2021-04-27 16:50:04.097000-07:00",0.99980815520229,100848651702.05377
"2021-04-27 16:55:03.998000-07:00",0.9998308338841,100792153622.99693
"2021-04-27 17:00:05.384000-07:00",1.00013667023859,100801933846.96928
"2021-04-27 17:05:04.194000-07:00",1.00017672366045,100807460307.61635
"2021-04-27 17:10:04.317000-07:00",1.00013854657359,100598578281.07777
"2021-04-27 17:15:04.432000-07:00",0.99982944675318,100904023277.3333
"2021-04-27 17:20:03.735000-07:00",1.00014255195055,100811782822.93112
"2021-04-27 17:25:03.569000-07:00",0.99997171926325,100933104960.76874
"2021-04-27 17:30:04.075000-07:00",0.99988875394009,101059522593.54094
"2021-04-27 17:35:09.387000-07:00",1.00001321315981,100960916047.92058
"2021-04-27 17:40:03.389000-07:00",1.00001721469645,101100478888.03539
"2021-04-27 17:45:04.217000-07:00",1.00010186605074,101352768820.69493
"2021-04-27 17:50:04.041000-07:00",0.99986277075115,101374853395.93294
"2021-04-27 17:55:04.158000-07:00",1.00002167858659,101349499515.89752
"2021-04-27 18:00:05.139000-07:00",1.00004556497473,101453886213.29619
"2021-04-27 18:05:04.670000-07:00",1.00006551510754,101319804023.45961
"2021-04-27 18:10:03.674000-07:00",0.99995635275509,101373616093.24661
"2021-04-27 18:15:03.722000-07:00",0.9998532960672,101672991671.03374
"2021-04-27 18:20:03.566000-07:00",1.00011737821983,101628637153.89525
"2021-04-27 18:25:03.481000-07:00",1.00010289582416,101642962202.42982
"2021-04-27 18:30:03.464000-07:00",0.99986215774897,101605570761.8093
"2021-04-27 18:35:04.143000-07:00",0.99997006635994,101594463770.20348
"2021-04-27 18:40:03.500000-07:00",1.00009605711891,101660501911.7864
"2021-04-27 18:45:04.367000-07:00",1.00001955405632,101780056520.52725
"2021-04-27 18:50:04.254000-07:00",0.99982655074932,101711486617.68454
"2021-04-27 18:55:04.181000-07:00",0.99987252397598,101657273733.10207
"2021-04-27 19:00:04.308000-07:00",0.99991252712551,101574700921.62213
"2021-04-27 19:05:04.510000-07:00",0.99999049356062,101258529818.53996
"2021-04-27 19:10:03.719000-07:00",1.00001300697739,101102521876.8116
"2021-04-27 19:15:04.121000-07:00",1.0000205704278,101063973978.81042
"2021-04-27 19:20:04.494000-07:00",1.00016526638511,101020374699.73706
"2021-04-27 19:25:04.390000-07:00",1.00008487298484,100949564253.78943
"2021-04-27 19:30:04.574000-07:00",0.99982488375479,100866804109.55832
"2021-04-27 19:35:03.643000-07:00",1.00000833218502,100817084245.64627
"2021-04-27 19:40:03.580000-07:00",0.99994902908537,100777417994.81561
"2021-04-27 19:45:03.494000-07:00",1.00017818207914,100817330680.34004
"2021-04-27 19:50:04.353000-07:00",0.99985157676882,100691649942.6989
"2021-04-27 19:55:04.177000-07:00",0.99985530382563,100567539595.72615
"2021-04-27 20:00:04.103000-07:00",0.99995289745979,100615317462.92198
"2021-04-27 20:05:03.947000-07:00",1.00010520445136,100405641496.50641
"2021-04-27 20:10:03.868000-07:00",0.99997729861999,100542804856.64992
"2021-04-27 20:15:03.750000-07:00",0.99981102906086,100700381842.82735
"2021-04-27 20:20:03.842000-07:00",1.00017856565756,100605482072.90314
"2021-04-27 20:25:03.714000-07:00",1.0000706344964,100440282427.82298
"2021-04-27 20:30:03.976000-07:00",0.99980854386195,100331316306.5004
"2021-04-27 20:35:04.162000-07:00",0.99992898988281,100113700329.76436
"2021-04-27 20:40:04.436000-07:00",0.99990244002413,100231492528.46994
"2021-04-27 20:45:03.970000-07:00",1.00019646822182,100249597115.60619
"2021-04-27 20:50:04.739000-07:00",0.99982622201654,100348328429.76616
"2021-04-27 20:55:03.356000-07:00",0.99997723801846,100485645003.36118
"2021-04-27 21:00:04.857000-07:00",0.99997387644129,100540474255.6753
"2021-04-27 21:05:03.685000-07:00",1.00015022991269,100538125033.53566
"2021-04-27 21:10:04.211000-07:00",1.00019746296778,100692267981.77869
"2021-04-27 21:15:04.362000-07:00",0.99993897371497,100849085423.17331
"2021-04-27 21:20:03.615000-07:00",0.99993917547511,100787007883.51627
"2021-04-27 21:25:03.479000-07:00",0.99996866396547,100870739197.26482
"2021-04-27 21:30:03.902000-07:00",1.00006455420642,100883556686.12177
"2021-04-27 21:35:03.930000-07:00",0.99988360890811,100868756325.07031
"2021-04-27 21:40:03.855000-07:00",0.9999499401325,100778915840.34987
"2021-04-27 21:45:03.790000-07:00",0.99995103678151,100816805169.8032
"2021-04-27 21:50:09.087000-07:00",1.00006373043878,100700103827.11127
"2021-04-27 21:55:04.431000-07:00",0.99982593599708,100419443504.21361
"2021-04-27 22:00:04.059000-07:00",1.00011225318275,100785440843.33536
"2021-04-27 22:05:04.148000-07:00",1.00002333011924,98355333380.84042
"2021-04-27 22:10:03.996000-07:00",0.99997098057149,98015039244.88275
"2021-04-27 22:15:03.785000-07:00",1.00012332485153,98139429832.63702
"2021-04-27 22:20:03.834000-07:00",0.99998879566929,98208086835.711
"2021-04-27 22:25:03.865000-07:00",1.00005402126616,98013183235.30399
"2021-04-27 22:30:03.904000-07:00",0.9999443169141,97798257443.11433
"2021-04-27 22:35:03.913000-07:00",0.99981383536731,97709679098.68915
"2021-04-27 22:40:04.460000-07:00",1.00017224351177,97618308139.45695
"2021-04-27 22:45:09.496000-07:00",1.00014927693909,97792357690.46233
"2021-04-27 22:50:04.744000-07:00",0.99982563023858,98190426334.93654
"2021-04-27 22:55:03.774000-07:00",1.00014008782891,98244575861.54126
"2021-04-27 23:00:05.976000-07:00",0.9999982586503,98528780742.31757
"2021-04-27 23:05:10.554000-07:00",1.0000660067499,98097048114.5414
"2021-04-27 23:10:03.443000-07:00",1.00018336230817,97724192500.94772
"2021-04-27 23:15:09.640000-07:00",0.99992108554513,97392873590.31401
"2021-04-27 23:20:03.738000-07:00",0.99990236445646,97366906523.28003
"2021-04-27 23:25:03.805000-07:00",0.99998577991068,97678994161.49446
"2021-04-27 23:30:04.102000-07:00",0.99994110320768,97689347300.68356
"2021-04-27 23:35:04.548000-07:00",1.00000034573333,98318531723.75832
"2021-04-27 23:40:04.962000-07:00",1.00010632865007,98924576491.07523
"2021-04-27 23:45:03.877000-07:00",1.00002854112937,100388142033.95699
"2021-04-27 23:50:03.715000-07:00",0.99999996971728,101041131652.41478
"2021-04-27 23:55:03.637000-07:00",0.99987378697061,101148270011.27745
"2021-04-28 00:00:04.485000-07:00",1.00009608886595,101442473357.11618
"2021-04-28 00:05:03.803000-07:00",1.00000415267137,101681069684.63753
"2021-04-28 00:10:03.751000-07:00",0.99991283246284,102026480556.58653
"2021-04-28 00:15:03.684000-07:00",1.00015798486453,102460367391.25488
"2021-04-28 00:20:04.710000-07:00",0.99998279751238,102657155517.13214
"2021-04-28 00:25:03.648000-07:00",1.0001419361621,102644045270.33711
"2021-04-28 00:30:03.901000-07:00",0.99999982507843,102889100060.48444
"2021-04-28 00:35:04.316000-07:00",0.99995038547149,103009605501.16147
"2021-04-28 00:40:03.544000-07:00",1.00014881532119,102969923034.08888
"2021-04-28 00:45:03.461000-07:00",0.99992323408986,103271334309.87001
"2021-04-28 00:50:03.403000-07:00",0.99986393432275,103239581078.62602
"2021-04-28 00:55:04.538000-07:00",0.99996915400356,103092909025.424
"2021-04-28 01:00:09.887000-07:00",0.99989686625455,102841300533.14597
"2021-04-28 01:05:03.975000-07:00",0.99988080514898,102551741731.62315
"2021-04-28 01:10:03.716000-07:00",1.0000353443256,102795556835.50818
"2021-04-28 01:15:04.918000-07:00",1.00018859581572,102829802862.5708
"2021-04-28 01:20:04.116000-07:00",1.00006133842384,102976606128.285
"2021-04-28 01:25:03.921000-07:00",1.00010127347901,102902411361.2214
"2021-04-28 01:30:03.717000-07:00",1.00003452293967,102936009733.71408
"2021-04-28 01:35:03.727000-07:00",0.9998876445547,102923622324.09703
"2021-04-28 01:40:03.639000-07:00",0.99983757631283,102673001086.41101
"2021-04-28 01:45:03.465000-07:00",1.00013057630696,102650368689.48566
"2021-04-28 01:50:04.336000-07:00",0.99987813501511,102658167763.7108
"2021-04-28 01:55:04.254000-07:00",0.99991080484491,102602530829.68628
"2021-04-28 02:00:04.756000-07:00",1.00002111530163,102449968098.26721
"2021-04-28 02:05:03.691000-07:00",0.99987842395094,102422935476.80313
"2021-04-28 02:10:03.989000-07:00",1.00008609925623,102540669766.81056
"2021-04-28 02:15:03.961000-07:00",1.00005287341186,102888331132.61945
"2021-04-28 02:20:04.007000-07:00",1.00004056021347,102981667069.00871
"2021-04-28 02:25:03.833000-07:00",1.00005995954541,103007541692.4289
"2021-04-28 02:30:04.787000-07:00",1.0001751525509,103251021730.92201
"2021-04-28 02:35:03.897000-07:00",1.00003676545794,103698165492.38853
"2021-04-28 02:40:03.726000-07:00",1.00000623068509,104263433374.34756
"2021-04-28 02:45:03.813000-07:00",0.99984270952387,104578374619.23174
"2021-04-28 02:50:03.804000-07:00",0.9998547876052,104990428634.7789
"2021-04-28 02:55:03.630000-07:00",0.9999891021879,105046992694.71765
"2021-04-28 03:00:03.824000-07:00",0.99996220288813,105015415120.67076
"2021-04-28 03:05:03.915000-07:00",0.9998953036441,104694475784.6964
"2021-04-28 03:10:03.841000-07:00",0.9999176575135,104932292529.32289
"2021-04-28 03:15:03.678000-07:00",1.00007856809461,104837285919.17203
"2021-04-28 03:20:04.083000-07:00",0.99994434164832,104899869052.07556
"2021-04-28 03:25:04.150000-07:00",0.99989863468706,105223990080.78906
"2021-04-28 03:30:04.135000-07:00",0.99984345142849,105275104878.62119
"2021-04-28 03:35:04.101000-07:00",1.00013705417044,105140046133.58308
"2021-04-28 03:40:04.033000-07:00",1.0001656793127,105172142582.4911
"2021-04-28 03:45:04.103000-07:00",1.00018440109045,105083178436.032
"2021-04-28 03:50:04.023000-07:00",0.99996914668371,105157849524.1346
"2021-04-28 03:55:04.072000-07:00",1.00010905824242,105207028109.22758
"2021-04-28 04:00:06.885000-07:00",0.99990213549567,105488022147.92569
"2021-04-28 04:05:03.726000-07:00",1.00010220942492,105509995615.44
"2021-04-28 04:10:03.725000-07:00",1.0000404609969,105929819051.90031
"2021-04-28 04:15:03.561000-07:00",1.00003966926356,106196073256.85262
"2021-04-28 04:20:03.604000-07:00",0.9998081964931,106463913191.64558
"2021-04-28 04:25:03.432000-07:00",0.99981455556691,106568925827.20065
"2021-04-28 04:30:04.298000-07:00",0.99993601127619,106916199761.65027
"2021-04-28 04:35:04.198000-07:00",0.99991372928146,106966744578.69597
"2021-04-28 04:40:04.129000-07:00",1.00015695520466,107082013213.08018
"2021-04-28 04:45:04.063000-07:00",0.99988644438618,107446762042.26932
"2021-04-28 04:50:04.031000-07:00",1.00001719444626,107419365655.0804
"2021-04-28 04:55:03.926000-07:00",0.99991346692635,107273459050.95644
"2021-04-28 05:00:03.999000-07:00",1.00004148193173,107258081163.4762
"2021-04-28 05:05:04.225000-07:00",1.00016120141737,106974206584.9675
"2021-04-28 05:10:04.347000-07:00",0.99997407347026,107148132768.30667
"2021-04-28 05:15:04.204000-07:00",1.00003899166769,107516406717.70198
"2021-04-28 05:20:04.329000-07:00",1.00009424104992,107810756911.75215
"2021-04-28 05:25:04.276000-07:00",0.99998512499322,107992380639.02707
"2021-04-28 05:30:04.474000-07:00",1.00006897509777,108119118788.41734
"2021-04-28 05:35:03.435000-07:00",1.00003957319037,108174197594.76047
"2021-04-28 05:40:04.345000-07:00",1.00002163423275,108212484856.14484
"2021-04-28 05:45:04.185000-07:00",0.99985173042428,108282952896.59625
"2021-04-28 05:50:04.271000-07:00",1.00011420072167,108058326450.4769
"2021-04-28 05:55:04.514000-07:00",0.99983218346135,108145826368.37048
"2021-04-28 06:00:04.224000-07:00",1.00013836829955,108180133266.02754
"2021-04-28 06:05:04.875000-07:00",1.00011871762515,107990285743.14105
"2021-04-28 06:10:04.078000-07:00",0.99981606434329,107714499292.17877
"2021-04-28 06:15:04.206000-07:00",1.00015792356895,107781910307.64893
"2021-04-28 06:20:04.378000-07:00",0.99989876014964,107577699255.22185
"2021-04-28 06:25:04.536000-07:00",1.00004554865495,107820651762.40475
"2021-04-28 06:30:03.594000-07:00",1.00003727964794,108020477624.29153
"2021-04-28 06:35:03.521000-07:00",0.99981247910499,108325332425.72409
"2021-04-28 06:40:03.436000-07:00",1.00010440903883,108040934485.41866
"2021-04-28 06:45:04.299000-07:00",1.00015220715042,107407944940.94322
"2021-04-28 06:50:04.124000-07:00",1.00007875016164,107233867027.14066
"2021-04-28 06:55:04.135000-07:00",1.00015255860528,107032592992.96056
"2021-04-28 07:00:04.809000-07:00",0.99986495674362,107135601190.49007
"2021-04-28 07:05:04.327000-07:00",1.00018714611946,106879222670.5127
"2021-04-28 07:10:04.359000-07:00",1.00013912567757,106371627611.45334
"2021-04-28 07:15:04.299000-07:00",1.00011865770718,106055946967.93886
"2021-04-28 07:20:04.508000-07:00",1.0000027317106,105815506007.17513
"2021-04-28 07:25:03.780000-07:00",1.000094399604,105541467702.35959
"2021-04-28 07:30:03.917000-07:00",0.99990463116742,105338878101.77586
"2021-04-28 07:35:03.806000-07:00",0.99983032979802,104982852277.9801
"2021-04-28 07:40:04.031000-07:00",0.99985618811318,104795116284.85858
"2021-04-28 07:45:04.205000-07:00",0.99997125273179,104145043502.55908
"2021-04-28 07:50:04.356000-07:00",0.99984208585271,103984095599.04155
"2021-04-28 07:55:04.238000-07:00",0.99986717798611,104026056611.05383
"2021-04-28 08:00:05.209000-07:00",0.99996331375644,103911092103.62875
"2021-04-28 08:05:04.075000-07:00",0.9998283416219,103698802646.0847
"2021-04-28 08:10:04.157000-07:00",1.00017706778582,103408095975.9628
"2021-04-28 08:15:04.069000-07:00",0.99988539995497,103493921332.66176
"2021-04-28 08:20:04.097000-07:00",0.99992603040487,103562074003.86566
"2021-04-28 08:25:04.047000-07:00",0.99996062144328,103944335884.20644
"2021-04-28 08:30:04.189000-07:00",1.00010171552398,104027092911.20158
"2021-04-28 08:35:04.611000-07:00",0.9999437631034,104072678819.79765
"2021-04-28 08:40:03.641000-07:00",1.00002726559527,104077668565.64131
"2021-04-28 08:45:03.566000-07:00",0.99991244733109,104006815916.69882
"2021-04-28 08:50:03.600000-07:00",1.0000198753368,103762324657.62828
"2021-04-28 08:55:03.679000-07:00",0.99998768756111,103681668663.71054
"2021-04-28 09:00:04.350000-07:00",0.99986342734199,103614971717.24132
"2021-04-28 09:05:03.766000-07:00",1.00006845585577,103953424740.10373
"2021-04-28 09:10:03.720000-07:00",1.00018457333165,103610201865.81927
"2021-04-28 09:15:03.567000-07:00",0.99983875572101,103214821266.65123
"2021-04-28 09:20:03.766000-07:00",1.00013814855148,103543442079.71352
"2021-04-28 09:25:03.647000-07:00",0.99991127379551,103437806358.78268
"2021-04-28 09:30:03.805000-07:00",1.00007801056906,103201956037.40076
"2021-04-28 09:35:03.820000-07:00",0.99997512125445,103187809462.57437
"2021-04-28 09:40:03.770000-07:00",0.99990902157731,103518744550.94595
"2021-04-28 09:45:03.850000-07:00",1.00009602946759,103688600877.47214
"2021-04-28 09:50:03.797000-07:00",0.99986233238349,103811413768.92957
"2021-04-28 09:55:03.867000-07:00",1.000034034177,103763393907.61868
"2021-04-28 10:00:05.507000-07:00",0.99994348651681,103637865660.7275
"2021-04-28 10:05:03.601000-07:00",1.00015521792609,103365003478.65813
"2021-04-28 10:10:03.536000-07:00",1.00010488398116,103156234306.65868
"2021-04-28 10:15:03.467000-07:00",1.00016443474898,102781655615.84233
"2021-04-28 10:20:03.486000-07:00",0.99982092445594,102523490634.80754
"2021-04-28 10:25:04.732000-07:00",0.99994036670157,102533831449.44522
"2021-04-28 10:30:03.993000-07:00",0.99984105560777,102481016411.30933
"2021-04-28 10:35:04.386000-07:00",1.00015481980554,102671158222.3326
"2021-04-28 10:40:03.407000-07:00",1.0001860654554,102313941570.40044
"2021-04-28 10:45:04.349000-07:00",1.00013044698166,102438248861.2216
"2021-04-28 10:50:04.294000-07:00",0.99983088309663,102847333645.89496
"2021-04-28 10:55:04.631000-07:00",1.00013714634313,102691393246.28185
"2021-04-28 11:00:06.334000-07:00",1.0000193887623,102712743241.20403
"2021-04-28 11:05:04.291000-07:00",1.00017818064132,102715839164.43181
"2021-04-28 11:10:04.240000-07:00",1.00013780137337,102812110018.65256
"2021-04-28 11:15:04.085000-07:00",1.00009586614915,103002186135.83574
"2021-04-28 11:20:04.077000-07:00",1.00012597309525,103053641067.36754
"2021-04-28 11:25:04.024000-07:00",1.00012074441733,103174287612.57793
"2021-04-28 11:30:04.479000-07:00",0.99982085651107,103268048983.18646
"2021-04-28 11:35:03.678000-07:00",0.999849589908,103110863225.9763
"2021-04-28 11:40:03.994000-07:00",0.99988293510265,103219470241.19661
"2021-04-28 11:45:05.084000-07:00",1.00011126900058,103187977666.73204
"2021-04-28 11:50:04.125000-07:00",1.00012927483895,102679922507.38687
"2021-04-28 11:55:04.253000-07:00",1.00014377089509,102646479898.15715
"2021-04-28 12:00:05.543000-07:00",0.99987112292255,102695461231.2332
"2021-04-28 12:05:04.165000-07:00",0.99983810336763,102659022451.52022
"2021-04-28 12:10:04.139000-07:00",1.00000042790908,102448519859.3309
"2021-04-28 12:15:03.981000-07:00",0.99981785321676,102434497443.96495
"2021-04-28 12:20:03.968000-07:00",0.99987106057692,102482842938.10413
"2021-04-28 12:25:03.811000-07:00",0.99981352242897,102589694187.06561
"2021-04-28 12:30:03.721000-07:00",0.99988851872281,102503646174.54184
"2021-04-28 12:35:03.966000-07:00",0.99991456470723,102545405791.38042
"2021-04-28 12:40:04-07:00",1.00017540652689,102960163721.92851
"2021-04-28 12:45:03.848000-07:00",1.00018305584572,102951094975.59926
"2021-04-28 12:50:03.676000-07:00",1.0001884287245,102971238664.10165
"2021-04-28 12:55:03.480000-07:00",0.99992081634998,102868260733.06015
"2021-04-28 13:00:05.613000-07:00",0.99994716837508,102921505558.58852
"2021-04-28 13:05:04.280000-07:00",1.00015428153536,103307199755.47655
"2021-04-28 13:10:04.273000-07:00",0.99987413122849,104004005187.30464
"2021-04-28 13:15:04.140000-07:00",1.0000224402388,104448967921.46492
"2021-04-28 13:20:04.080000-07:00",1.00002619456351,104336902482.5382
"2021-04-28 13:25:03.921000-07:00",0.99994106789148,104659041009.3382
"2021-04-28 13:30:04.215000-07:00",1.00019936699182,105417601464.97382
"2021-04-28 13:35:04.195000-07:00",1.00015796078993,105804495690.75325
"2021-04-28 13:40:04.823000-07:00",0.99982889024911,106329841454.8062
"2021-04-28 13:45:04.442000-07:00",1.00012447646887,106141879131.2923
"2021-04-28 13:50:04.392000-07:00",0.99985844054741,106048781076.74425
"2021-04-28 13:55:07.247000-07:00",1.00018679900541,106195829571.8595
"2021-04-28 14:00:04.426000-07:00",1.00008287873136,106427459657.08328
"2021-04-28 14:05:03.653000-07:00",0.9998766642452,106097475872.52046
"2021-04-28 14:10:03.592000-07:00",0.99998771565736,106093796549.98122
"2021-04-28 14:15:03.729000-07:00",0.9999471255358,106272748334.11972
"2021-04-28 14:20:05.148000-07:00",1.00006641541547,106709517201.50748
"2021-04-28 14:25:04.115000-07:00",0.99994035272909,106944996101.54424
"2021-04-28 14:30:04.381000-07:00",0.99994299907855,107029355788.7847
"2021-04-28 14:35:03.344000-07:00",0.99983083024712,107127675098.50885
"2021-04-28 14:40:04.238000-07:00",1.00019037787355,107268763126.33124
"2021-04-28 14:45:04.038000-07:00",0.99988291444559,107237014854.03735
"2021-04-28 14:50:03.854000-07:00",1.00009295569109,107355844911.9028
"2021-04-28 14:55:04.129000-07:00",1.00013773404247,107298139613.1737
"2021-04-28 15:00:05.393000-07:00",1.00003085077527,107414762969.04962
"2021-04-28 15:05:03.679000-07:00",0.99981005030551,107260628349.95563
"2021-04-28 15:10:04.018000-07:00",1.00017796842981,107181925357.28445
"2021-04-28 15:15:04.157000-07:00",1.00005943056397,106936085502.5181
"2021-04-28 15:20:04.313000-07:00",0.99988742142267,106793634444.57932
"2021-04-28 15:25:04.200000-07:00",0.99988228719406,106799235346.91887
"2021-04-28 15:30:04.331000-07:00",1.0001329506704,106543474163.03612
"2021-04-28 15:35:03.989000-07:00",0.99982339818916,106467772040.63496
"2021-04-28 15:40:03.995000-07:00",1.0001469473656,106591752341.12271
"2021-04-28 15:45:03.940000-07:00",1.00014828207007,106640756533.3715
"2021-04-28 15:50:04.758000-07:00",1.00009492843191,106583748472.9055
"2021-04-28 15:55:03.924000-07:00",0.99980296447465,106661736988.264
"2021-04-28 16:00:04.173000-07:00",1.00014169481446,106582685032.54985
"2021-04-28 16:05:03.949000-07:00",1.00003909409726,106646002556.91287
"2021-04-28 16:10:03.789000-07:00",0.9999331376267,106781407430.67581
"2021-04-28 16:15:03.711000-07:00",1.00005417559426,107037603424.82045
"2021-04-28 16:20:04.026000-07:00",0.99991937431782,107004788934.9297
"2021-04-28 16:25:09.720000-07:00",0.99982853090119,106880650290.98366
"2021-04-28 16:30:04.140000-07:00",1.00005499957817,106997004934.28331
"2021-04-28 16:35:04.194000-07:00",0.99999111692866,107059707200.79443
"2021-04-28 16:40:04.207000-07:00",0.99988984731734,107108147162.77563
"2021-04-28 16:45:04.134000-07:00",0.99998226343891,107080170473.25583
"2021-04-28 16:50:04.297000-07:00",0.99984533668143,107115003443.21548
"2021-04-28 16:55:04.316000-07:00",1.00004801197709,107267204849.07278
"2021-04-28 17:00:05.670000-07:00",1.00011692175898,107173514308.52885
"2021-04-28 17:05:04.067000-07:00",0.99982481759298,106794795134.31108
"2021-04-28 17:10:04.222000-07:00",0.9998812242033,106301459345.01707
"2021-04-28 17:15:04.212000-07:00",0.99986641562025,106591399053.16898
"2021-04-28 17:20:04.272000-07:00",0.99986951037185,106434400010.34206
"2021-04-28 17:25:04.078000-07:00",1.00008452679226,106226383928.44458
"2021-04-28 17:30:09.615000-07:00",1.00016962609242,106022415854.21164
"2021-04-28 17:35:03.973000-07:00",1.00016816109439,105921742118.22263
"2021-04-28 17:40:04.094000-07:00",0.9999654170978,105661107771.54117
"2021-04-28 17:45:03.923000-07:00",1.00002789677843,105667945963.40582
"2021-04-28 17:50:03.769000-07:00",1.00014783716262,105569231643.90411
"2021-04-28 17:55:03.591000-07:00",0.99985472449363,105432213841.68768
"2021-04-28 18:00:03.923000-07:00",0.99991777355892,105362206712.7173
"2021-04-28 18:05:03.946000-07:00",1.0000542351873,105075796024.94511
"2021-04-28 18:10:03.892000-07:00",1.00011290411132,104683066659.50345
"2021-04-28 18:15:03.727000-07:00",0.99984816386594,104696776177.85265
"2021-04-28 18:20:03.739000-07:00",0.99982489546684,104783230525.42007
"2021-04-28 18:25:03.568000-07:00",0.99998782537835,104929500710.29794
"2021-04-28 18:30:03.422000-07:00",1.00016724717847,104796475253.77124
"2021-04-28 18:35:04.504000-07:00",0.99998490974188,104619452647.36575
"2021-04-28 18:40:03.581000-07:00",0.99998525131656,104663620450.211
"2021-04-28 18:45:03.544000-07:00",0.99987634557068,104700289560.67087
"2021-04-28 18:50:03.428000-07:00",1.00017849615883,104810761280.64938
"2021-04-28 18:55:04.224000-07:00",1.00007509474079,105065014897.34117
"2021-04-28 19:00:05-07:00",1.00019310535909,105154208124.16806
"2021-04-28 19:05:04.248000-07:00",1.00000378752748,104988210804.88597
"2021-04-28 19:10:04.174000-07:00",0.99996624737374,105227928725.69362
"2021-04-28 19:15:04.161000-07:00",0.99989062923467,105099050673.19507
"2021-04-28 19:20:05.534000-07:00",1.00011438804684,105160249794.04132
"2021-04-28 19:25:03.392000-07:00",0.99988799081978,105068437835.93137
"2021-04-28 19:30:04.548000-07:00",0.99998766320532,104972524113.45981
"2021-04-28 19:35:03.554000-07:00",1.00003697429471,105103953080.92418
"2021-04-28 19:40:03.522000-07:00",0.99995531623651,105271443734.97165
"2021-04-28 19:45:03.414000-07:00",0.99996471547231,105050148640.92795
"2021-04-28 19:50:06.067000-07:00",0.99997810333458,105063928666.11798
"2021-04-28 19:55:04.109000-07:00",1.00000218656306,104965031146.50441
"2021-04-28 20:00:04.704000-07:00",0.9998837019728,104900314871.71037
"2021-04-28 20:05:03.821000-07:00",0.99991638262355,104602799653.69849
"2021-04-28 20:10:03.773000-07:00",1.00011903006182,104420264350.44522
"2021-04-28 20:15:13.726000-07:00",1.0001702093483,104369244909.01346
"2021-04-28 20:20:05.346000-07:00",0.99991454066538,104299682215.31851
"2021-04-28 20:25:04.285000-07:00",0.99988855305439,104078867463.95375
"2021-04-28 20:30:04.355000-07:00",1.00008311001811,104224001191.01921
"2021-04-28 20:35:03.356000-07:00",1.00008603882662,104060640743.83922
"2021-04-28 20:40:04.276000-07:00",1.00006400347711,103827733787.0141
"2021-04-28 20:45:04.061000-07:00",0.99990089117012,103738033685.11505
"2021-04-28 20:50:04.095000-07:00",0.99987584770452,103563589911.76158
"2021-04-28 20:55:03.980000-07:00",0.99980348282937,103523586617.46803
"2021-04-28 21:00:04.076000-07:00",0.999800855598,103684479577.31166
"2021-04-28 21:05:04.169000-07:00",1.00009297363683,103362142238.74109
"2021-04-28 21:10:04.117000-07:00",1.0000491342072,102950980926.05243
"2021-04-28 21:15:04.048000-07:00",0.99987041949278,103045387121.5759
"2021-04-28 21:20:04.046000-07:00",0.99987043998353,103046114357.98985
"2021-04-28 21:25:03.865000-07:00",0.99997162757106,103157165318.11108
"2021-04-28 21:30:04.383000-07:00",1.00002915120264,103128255560.06873
"2021-04-28 21:35:03.441000-07:00",0.99980866320832,103334849182.55325
"2021-04-28 21:40:04.420000-07:00",0.99994561834963,103292917546.05788
"2021-04-28 21:45:04.292000-07:00",0.9999254721507,103326805243.76254
"2021-04-28 21:50:04.411000-07:00",1.00005070426967,103494983246.61424
"2021-04-28 21:55:04.244000-07:00",0.99992532425876,103849579573.09258
"2021-04-28 22:00:06.454000-07:00",0.99991705492826,103878049856.06337
"2021-04-28 22:05:04.493000-07:00",0.99986651850389,103884945359.44446
"2021-04-28 22:10:03.421000-07:00",0.99992501689879,104084192085.27077
"2021-04-28 22:15:04.202000-07:00",0.99986801693686,104199655265.19484
"2021-04-28 22:20:04.235000-07:00",1.00011418288214,104133439312.92311
"2021-04-28 22:25:05.337000-07:00",1.00016253621792,104253951846.58192
"2021-04-28 22:30:04.200000-07:00",1.00008058447902,104204729005.42737
"2021-04-28 22:35:04.042000-07:00",0.99986434828584,104134361259.11949
"2021-04-28 22:40:07.862000-07:00",0.99991431206616,103766712182.9859
"2021-04-28 22:45:03.612000-07:00",1.00014300219327,103333818197.39009
"2021-04-28 22:50:03.747000-07:00",1.00017682023599,103182505869.62007
"2021-04-28 22:55:03.743000-07:00",1.0001349902291,103353053842.34064
"2021-04-28 23:00:04.748000-07:00",1.00005468785043,103498670088.03822
"2021-04-28 23:05:03.925000-07:00",0.99997221525451,103309482403.0571
"2021-04-28 23:10:04.282000-07:00",0.99999497709147,102784639614.03804
"2021-04-28 23:15:05.891000-07:00",1.00007312323033,102868372793.46223
"2021-04-28 23:20:05.393000-07:00",1.00012601828749,102599760699.77394
"2021-04-28 23:25:03.956000-07:00",1.00001556920757,102522429228.98953
"2021-04-28 23:30:04.440000-07:00",0.99988331408442,101889868072.17001
"2021-04-28 23:35:03.404000-07:00",1.00013842540622,101161158092.07776
"2021-04-28 23:40:04.600000-07:00",0.99997058654054,100157671539.11853
"2021-04-28 23:45:03.557000-07:00",1.00014328549743,99552401464.41399
"2021-04-28 23:50:03.934000-07:00",1.00013151143342,98934032434.12068
"2021-04-28 23:55:04.129000-07:00",0.99985609383621,98697343056.47533
"2021-04-29 00:00:04.131000-07:00",1.00011510159234,98477184597.85315
"2021-04-29 00:05:04.324000-07:00",1.0000989756189,98141775238.1798
"2021-04-29 00:10:04.269000-07:00",0.99994450212885,98066593017.68964
"2021-04-29 00:15:05.472000-07:00",1.00008136657852,97809611779.3459
"2021-04-29 00:20:03.813000-07:00",0.99989419838897,97308944346.30434
"2021-04-29 00:25:03.919000-07:00",1.00004324529202,97157955766.39392
"2021-04-29 00:30:10.982000-07:00",1.0000186126843,97131556233.92818
"2021-04-29 00:35:04.138000-07:00",0.99986952394009,96984758054.42299
"2021-04-29 00:40:04.037000-07:00",0.99998682779448,96819730835.8107
"2021-04-29 00:50:04.588000-07:00",0.99981310911253,96560489778.58238
"2021-04-29 00:55:03.545000-07:00",0.99995070111315,96592525824.20667
"2021-04-29 01:00:05.555000-07:00",0.99995904583362,97009774909.2462
"2021-04-29 01:05:03.485000-07:00",0.99982073332483,96906858013.65973
"2021-04-29 01:10:04.477000-07:00",1.00011992082476,96690191283.93672
"2021-04-29 01:15:04.144000-07:00",0.99995502272144,96695024577.847
"2021-04-29 01:20:04.373000-07:00",0.99986437221739,96477667374.68474
"2021-04-29 01:25:03.333000-07:00",0.99996321860084,96617475758.65501
"2021-04-29 01:30:04.324000-07:00",0.99981586381014,96879273971.9622
"2021-04-29 01:35:04.187000-07:00",1.00003486497596,96871970602.29688
"2021-04-29 01:40:04.045000-07:00",1.00005785039101,96884520705.28316
"2021-04-29 01:45:03.885000-07:00",0.99987578588473,96961835092.03255
"2021-04-29 01:50:04.057000-07:00",1.00010449918277,96952795395.29494
"2021-04-29 01:55:04.440000-07:00",0.99999864050409,96825305799.86618
"2021-04-29 02:00:04.036000-07:00",1.00002169653101,96378106155.88791
"2021-04-29 02:05:04.325000-07:00",1.00000485748783,96259534479.64778
"2021-04-29 02:10:04.086000-07:00",1.00002016495093,96298764561.97873
"2021-04-29 02:15:03.891000-07:00",0.99990609633433,96673295965.90434
"2021-04-29 02:20:03.898000-07:00",1.00018909208172,96883465368.67235
"2021-04-29 02:25:03.741000-07:00",1.00014527593569,97076837316.51427
"2021-04-29 02:30:03.964000-07:00",0.99992717839048,96857072933.42084
"2021-04-29 02:35:04.111000-07:00",1.00001787951767,96514094068.54344
"2021-04-29 02:40:04.098000-07:00",1.00007820478985,96404199316.2268
"2021-04-29 02:45:03.974000-07:00",0.99995361715083,96469095645.25351
"2021-04-29 02:50:03.806000-07:00",0.99984202265769,96361754242.44159
"2021-04-29 02:55:03.635000-07:00",0.99995636892847,96334102950.8095
"2021-04-29 03:00:06.351000-07:00",1.00000823424245,96232635967.07422
"2021-04-29 03:05:03.807000-07:00",1.00018499931677,96101866009.862
"2021-04-29 03:10:03.832000-07:00",1.00014285051499,96031199621.0416
"2021-04-29 03:15:03.677000-07:00",1.00010979116317,96038076628.91672
"2021-04-29 03:20:03.708000-07:00",0.99997807550845,95931819680.89035
"2021-04-29 03:25:03.803000-07:00",0.99980124062511,95887578229.9698
"2021-04-29 03:30:04.120000-07:00",1.00008393034591,96013964682.74365
"2021-04-29 03:35:04.142000-07:00",0.99984665600646,95886016990.97476
"2021-04-29 03:40:04.173000-07:00",1.00013323538721,96070784071.82759
"2021-04-29 03:45:03.966000-07:00",1.00004003182372,96254653160.71425
"2021-04-29 03:50:03.846000-07:00",1.00002903630561,96282603555.44499
"2021-04-29 03:55:03.771000-07:00",0.99981242864625,96334424656.60887
"2021-04-29 04:00:07.515000-07:00",1.00002190612499,96304940810.30963
"2021-04-29 04:05:04.215000-07:00",0.99983521535421,96276162553.30122
"2021-04-29 04:10:04.246000-07:00",0.9998650318527,95941159458.16048
"2021-04-29 04:15:04.098000-07:00",1.00018846261112,95711516946.88985
"2021-04-29 04:20:04.206000-07:00",0.99991006028322,95382102933.33987
"2021-04-29 04:25:04.019000-07:00",1.0000017375543,95281860020.96938
"2021-04-29 04:30:04.564000-07:00",0.99989817278068,94997044184.77122
"2021-04-29 04:35:03.621000-07:00",0.99983280925118,94873458149.41788
"2021-04-29 04:40:03.634000-07:00",0.99985741699526,94751966722.2606
"2021-04-29 04:45:03.518000-07:00",1.00006148211347,94725776848.02632
"2021-04-29 04:50:05.499000-07:00",0.9999634490623,94702354851.53917
"2021-04-29 04:55:03.462000-07:00",0.99996189501413,94589855113.37146
"2021-04-29 05:00:05.840000-07:00",0.9999573424564,94604044624.04414
"2021-04-29 05:05:03.699000-07:00",0.99988646447591,94255012786.78079
"2021-04-29 05:10:03.639000-07:00",0.99989077319499,94233599320.38463
"2021-04-29 05:15:03.686000-07:00",1.0000521647631,94134374365.71382
"2021-04-29 05:20:03.889000-07:00",1.00011562351035,94096996092.51059
"2021-04-29 05:25:04.311000-07:00",1.00002635483042,94094072917.94313
"2021-04-29 05:30:04.950000-07:00",0.99990360463184,94090659460.15755
"2021-04-29 05:35:04.155000-07:00",0.99983124119162,94132978137.76035
"2021-04-29 05:40:04.181000-07:00",0.99995820009855,94212835959.01457
"2021-04-29 05:45:04.222000-07:00",0.9998617944136,94325805009.89058
"2021-04-29 05:50:04.436000-07:00",0.99993742736806,94420455380.76234
"2021-04-29 05:55:03.430000-07:00",1.00003089448695,94620640108.67747
"2021-04-29 06:00:05.168000-07:00",0.99998634413328,94759626423.02449
"2021-04-29 06:05:04.401000-07:00",1.00007796149764,94778994891.13126
"2021-04-29 06:10:03.526000-07:00",1.00014604843623,94605014881.93114
"2021-04-29 06:15:03.547000-07:00",1.00006439907562,94579652997.51776
"2021-04-29 06:20:03.840000-07:00",0.99996694248032,94424935665.62476
"2021-04-29 06:25:04.098000-07:00",1.00006174645809,94310083705.81044
"2021-04-29 06:30:04.024000-07:00",0.99988812178938,94392503286.89648
"2021-04-29 06:35:03.992000-07:00",1.00000347093828,94374567371.57028
"2021-04-29 06:40:04.058000-07:00",1.00011539001537,94389642378.87552
"2021-04-29 06:45:04.032000-07:00",0.99999742745888,94745415184.47888
"2021-04-29 06:50:04.110000-07:00",0.99980084886512,94845061521.15071
"2021-04-29 06:55:04.233000-07:00",0.99995464934357,94906590335.90741
"2021-04-29 07:00:04.594000-07:00",0.99996787463359,94866644143.58968
"2021-04-29 07:05:04.131000-07:00",0.99983996357469,94903091507.84401
"2021-04-29 07:10:04.302000-07:00",1.00017951583728,94802610628.87894
"2021-04-29 07:15:04.448000-07:00",0.99997531372779,94878317513.78925
"2021-04-29 07:20:03.978000-07:00",0.99989634354054,94808306619.37463
"2021-04-29 07:25:04.223000-07:00",1.00010031522409,94831959708.58568
"2021-04-29 07:30:04.488000-07:00",0.99982883032796,94849603007.32678
"2021-04-29 07:35:03.565000-07:00",0.99996181329179,94685936153.25017
"2021-04-29 07:40:03.541000-07:00",1.00015059177233,94587457302.79056
"2021-04-29 07:45:03.453000-07:00",1.00014669650281,94426552630.2874
"2021-04-29 07:50:04.333000-07:00",1.00010062823269,94513492808.11623
"2021-04-29 07:55:04.190000-07:00",0.99984065303588,94431208669.3937
"2021-04-29 08:00:04.260000-07:00",1.00015347998877,94277873162.11278
"2021-04-29 08:05:04.649000-07:00",1.00019606187046,94111574785.68465
"2021-04-29 08:10:03.763000-07:00",0.99986924718009,93901071813.38579
"2021-04-29 08:15:03.970000-07:00",1.00011198163133,93750325034.66524
"2021-04-29 08:20:04.623000-07:00",1.00017397835793,93709986589.2969
"2021-04-29 08:25:04.658000-07:00",0.99990228369384,94281678614.87038
"2021-04-29 08:30:04.408000-07:00",1.00014361227991,94381120216.33035
"2021-04-29 08:35:03.891000-07:00",0.99983609739524,94282424887.37221
"2021-04-29 08:40:04.420000-07:00",0.99986842001502,94508275057.39505
"2021-04-29 08:45:03.764000-07:00",0.99982865734292,94546060379.87886
"2021-04-29 08:50:03.999000-07:00",0.99997320843934,94526437939.40398
"2021-04-29 08:55:03.637000-07:00",1.00013321190778,94400912741.27208
"2021-04-29 09:00:10.140000-07:00",1.00016556705007,94312935358.15422
"2021-04-29 09:05:03.593000-07:00",1.00007549014362,94093784153.8931
"2021-04-29 09:10:03.805000-07:00",1.00006506515922,93738870013.6393
"2021-04-29 09:15:03.827000-07:00",1.00007249334854,93864985501.45724
"2021-04-29 09:20:04.028000-07:00",1.0001975789895,93827820949.91919
"2021-04-29 09:25:03.928000-07:00",0.99990334949695,93699861977.44386
"2021-04-29 09:30:04.201000-07:00",1.00014814708642,93692308786.88403
"2021-04-29 09:35:04.669000-07:00",0.99992793773025,93684900841.57098
"2021-04-29 09:40:04.056000-07:00",0.99994258989642,93712886523.63937
"2021-04-29 09:45:04.110000-07:00",0.99999785310955,93458560921.5331
"2021-04-29 09:50:04.003000-07:00",0.99988854247962,93334695785.85205
"2021-04-29 09:55:04.286000-07:00",1.00008931908667,93297967195.21057
"2021-04-29 10:00:05.442000-07:00",0.99987706949411,93534399797.66324
"2021-04-29 10:05:03.704000-07:00",1.00000336910144,93827768146.56107
"2021-04-29 10:10:03.614000-07:00",1.00002194578767,94139100842.52393
"2021-04-29 10:15:03.873000-07:00",1.00012500252657,94474712529.40654
"2021-04-29 10:20:04.104000-07:00",1.00001383174817,94954657861.22261
"2021-04-29 10:25:03.933000-07:00",1.00000098219429,95656991774.81323
"2021-04-29 10:30:04.807000-07:00",1.00007184474689,95798832958.69644
"2021-04-29 10:35:03.906000-07:00",0.99990328648995,95824977746.63219
"2021-04-29 10:40:03.873000-07:00",0.99994006210121,95735983866.86507
"2021-04-29 10:45:03.812000-07:00",1.00011650529712,95720195675.66748
"2021-04-29 10:50:04.898000-07:00",1.00019194873788,95799612144.60292
"2021-04-29 10:55:04.048000-07:00",1.00015637395492,95970050913.6516
"2021-04-29 11:00:04.366000-07:00",0.99991137389497,95987688511.59636
"2021-04-29 11:05:03.637000-07:00",1.00013389330604,95744346314.25128
"2021-04-29 11:10:03.624000-07:00",0.99996970214977,95999414615.75786
"2021-04-29 11:15:03.542000-07:00",0.99994026126363,96035526104.22708
"2021-04-29 11:20:04.041000-07:00",1.00012536581873,96179578499.03212
"2021-04-29 11:25:04.374000-07:00",1.00007273444166,96598512126.40605
"2021-04-29 11:30:04.282000-07:00",0.99981607956861,96630994243.48822
"2021-04-29 11:35:04.104000-07:00",1.0001737913395,96767028293.15665
"2021-04-29 11:40:04.037000-07:00",1.00009276776638,96649639279.359
"2021-04-29 11:45:04.058000-07:00",1.00006095324907,96573619744.29604
"2021-04-29 11:50:04.243000-07:00",1.00005887682161,96803412723.54349
"2021-04-29 11:55:04.267000-07:00",1.00009185698674,96681097275.17673
"2021-04-29 12:00:04.860000-07:00",1.00004242743374,97079454136.89294
"2021-04-29 12:05:03.906000-07:00",1.00005974091244,96926982184.04941
"2021-04-29 12:10:03.856000-07:00",0.99982394753004,96917599756.56471
"2021-04-29 12:15:03.752000-07:00",1.00005711904312,97001832811.26463
"2021-04-29 12:20:03.822000-07:00",1.00013142230144,96985839109.81557
"2021-04-29 12:25:03.784000-07:00",1.00017174410558,96942579226.40619
"2021-04-29 12:30:04.187000-07:00",1.00015207740967,97068380171.32423
"2021-04-29 12:35:04.317000-07:00",0.99993590116493,97123761611.96951
"2021-04-29 12:40:04.357000-07:00",0.99980965062335,97005071467.18883
"2021-04-29 12:45:04.347000-07:00",1.00014229724674,97062787628.43158
"2021-04-29 12:50:04.410000-07:00",1.00017776086875,97196939009.55379
"2021-04-29 12:55:04.576000-07:00",1.00006856540487,97190417481.9134
"2021-04-29 13:00:04.276000-07:00",0.99994289738765,96939616438.56613
"2021-04-29 13:05:04.280000-07:00",1.0001513261967,96350960115.6187
"2021-04-29 13:10:04.236000-07:00",1.00007707925997,95476250977.28381
"2021-04-29 13:15:04.060000-07:00",1.00011706237733,95462878182.30978
"2021-04-29 13:20:11.307000-07:00",1.0001330768329,95034318970.4656
"2021-04-29 13:25:04.324000-07:00",1.00017524538402,94852006488.00136
"2021-04-29 13:30:04.601000-07:00",1.0000776906824,94528573208.13506
"2021-04-29 13:35:03.997000-07:00",1.00005673872787,94536960034.56456
"2021-04-29 13:40:03.897000-07:00",0.99996593970218,94461685809.81897
"2021-04-29 13:45:04.054000-07:00",1.0001673140144,94186922820.00626
"2021-04-29 13:50:04.161000-07:00",1.00016865104303,94017308757.17453
"2021-04-29 13:55:04.052000-07:00",1.00007061666994,93817502759.7161
"2021-04-29 14:00:04.685000-07:00",1.00008927684526,93876083198.55363
"2021-04-29 14:05:03.976000-07:00",1.00018283259533,93746332933.38081
"2021-04-29 14:10:11.137000-07:00",0.99988651076536,93532457871.18794
"2021-04-29 14:15:04.372000-07:00",0.9998123919882,93459161151.65167
"2021-04-29 14:20:03.800000-07:00",0.99988311677458,93344627474.09807
"2021-04-29 14:25:04.097000-07:00",1.00014613329105,93255267317.53789
"2021-04-29 14:30:03.946000-07:00",1.00000524614085,93236460977.29507
"2021-04-29 14:35:03.924000-07:00",0.99995992115562,93189897598.66023
"2021-04-29 14:40:03.837000-07:00",0.99983626215433,93391100040.4776
"2021-04-29 14:45:03.733000-07:00",0.99997382002196,93431566937.63603
"2021-04-29 14:50:03.990000-07:00",0.9998627786589,93392319180.75026
"2021-04-29 14:55:03.911000-07:00",0.99997893802678,93558100950.0716
"2021-04-29 15:00:05.192000-07:00",1.00016833288875,93279824986.70998
"2021-04-29 15:05:03.919000-07:00",1.00018379764053,93210062088.71773
"2021-04-29 15:10:03.896000-07:00",1.00001403454962,93172963368.21326
"2021-04-29 15:15:03.834000-07:00",1.00010970744582,93279379734.98691
"2021-04-29 15:20:03.853000-07:00",0.9998474162143,93234271746.35747
"2021-04-29 15:25:03.961000-07:00",1.00017194836859,93371684695.30688
"2021-04-29 15:30:04.282000-07:00",1.00001582271262,93822723670.53519
"2021-04-29 15:35:04.348000-07:00",0.99996198990076,93726607830.27223
"2021-04-29 15:40:04.367000-07:00",0.99996885453467,93798223258.9301
"2021-04-29 15:45:04.439000-07:00",0.99980925818482,93725763759.9981
"2021-04-29 15:50:04.387000-07:00",1.0000033434615,93670841233.15543
"2021-04-29 15:55:04.336000-07:00",0.99990570027758,93763140289.39897
"2021-04-29 16:00:04.477000-07:00",1.00014763583641,93691696001.08363
"2021-04-29 16:05:03.729000-07:00",1.00016993868989,93574133010.61276
"2021-04-29 16:10:04.052000-07:00",1.00003524770585,93462044212.53348
"2021-04-29 16:15:04.017000-07:00",1.00018777336156,93424002303.25095
"2021-04-29 16:20:04.157000-07:00",0.99983252725171,93410901054.65274
"2021-04-29 16:25:03.998000-07:00",0.99981020188442,93492794342.18195
"2021-04-29 16:30:03.981000-07:00",0.99996666898665,93680055273.00584
"2021-04-29 16:35:04.030000-07:00",1.00012120571332,93630313740.79286
"2021-04-29 16:40:04.010000-07:00",0.99983680456591,93623460701.20099
"2021-04-29 16:45:03.818000-07:00",0.99988477946208,93678758596.35841
"2021-04-29 16:50:03.799000-07:00",1.00012802893134,93665660052.47414
"2021-04-29 16:55:03.703000-07:00",0.99983021417734,93658557218.27483
"2021-04-29 17:00:07.043000-07:00",0.99995773776456,93734782065.37466
"2021-04-29 17:05:03.950000-07:00",1.00000438297932,93594151873.84172
"2021-04-29 17:10:03.900000-07:00",0.99995314163224,93449138259.64041
"2021-04-29 17:15:03.834000-07:00",0.99988531804301,93325150553.29547
"2021-04-29 17:20:04.971000-07:00",1.00016602615161,93097024979.62213
"2021-04-29 17:25:03.789000-07:00",0.99982925925171,93181230857.39873
"2021-04-29 17:30:03.619000-07:00",1.00006410722168,93392528248.88176
"2021-04-29 17:35:03.452000-07:00",0.9998439059911,93845999546.79765
"2021-04-29 17:40:03.385000-07:00",0.99984570524191,94045077258.53575
"2021-04-29 17:45:04.250000-07:00",1.00004979325081,94189140197.49626
"2021-04-29 17:50:04.263000-07:00",0.99983668403409,94175275470.25758
"2021-04-29 17:55:04.220000-07:00",1.00010996344893,94202405321.12181
"2021-04-29 18:00:04.667000-07:00",1.00014836563335,94133627171.4766
"2021-04-29 18:05:04.993000-07:00",1.00004357724206,93956607919.97127
"2021-04-29 18:10:04.079000-07:00",0.99999069234221,93914543134.45847
"2021-04-29 18:15:03.910000-07:00",0.99993870459609,93867432378.9862
"2021-04-29 18:20:05.627000-07:00",1.00008735551828,93835133397.5081
"2021-04-29 18:25:03.941000-07:00",1.00006283269605,93877130356.39236
"2021-04-29 18:30:04.456000-07:00",1.00017419372739,94074348646.06252
"2021-04-29 18:35:04.461000-07:00",0.99991826139877,93957142457.04243
"2021-04-29 18:40:05.598000-07:00",1.00015640530181,94066648340.04149
"2021-04-29 18:45:03.562000-07:00",0.99985048840562,94606467449.2914
"2021-04-29 18:50:03.502000-07:00",1.00006961513415,94639293040.24619
"2021-04-29 18:55:03.330000-07:00",1.00007404789468,94643890606.58583
"2021-04-29 19:00:04.693000-07:00",1.00003691143379,94692157622.9592
"2021-04-29 19:05:04.188000-07:00",0.9998265805706,94591613104.56404
"2021-04-29 19:10:04.197000-07:00",1.00006587932477,94402320863.50414
"2021-04-29 19:15:05.640000-07:00",0.99982935131569,94629155385.36356
"2021-04-29 19:20:03.865000-07:00",1.00014886078063,94521059934.20876
"2021-04-29 19:25:04.096000-07:00",1.00006044632928,94565319679.28362
"2021-04-29 19:30:04.584000-07:00",0.99998680027356,94669631163.68544
"2021-04-29 19:35:03.548000-07:00",1.00007940546546,94704746783.4601
"2021-04-29 19:40:03.667000-07:00",1.00015161800166,94705964577.53267
"2021-04-29 19:45:03.785000-07:00",1.00009062210744,94763125286.40155
"2021-04-29 19:50:03.842000-07:00",1.00001623533479,94805911398.71843
"2021-04-29 19:55:03.925000-07:00",1.00004578407349,94849690258.2039
"2021-04-29 20:00:04.577000-07:00",1.00003800858443,94756989404.98073
"2021-04-29 20:05:12.268000-07:00",0.99998877206102,94604151888.43326
"2021-04-29 20:10:04.312000-07:00",1.00005499673749,94543476390.39957
"2021-04-29 20:15:04.522000-07:00",1.00001720636615,94627639454.13715
"2021-04-29 20:20:03.734000-07:00",1.00015349909535,94719359249.84084
"2021-04-29 20:25:03.591000-07:00",0.99982007662316,94849091611.93347
"2021-04-29 20:30:03.606000-07:00",1.00000288819781,94859797038.06094
"2021-04-29 20:35:03.562000-07:00",0.99984222380849,94886866995.2957
"2021-04-29 20:40:03.462000-07:00",0.99989431834561,94736471438.15895
"2021-04-29 20:45:04.337000-07:00",1.00018610103568,94719480501.07103
"2021-04-29 20:50:04.268000-07:00",0.99997423817743,94713012746.6174
"2021-04-29 20:55:04.387000-07:00",0.99988949734841,94647495025.11653
"2021-04-29 21:00:06.772000-07:00",1.00003138153042,94605306422.83937
"2021-04-29 21:05:03.298000-07:00",0.99995206735811,94675766054.82814
"2021-04-29 21:10:04.429000-07:00",0.99983196734871,94688076484.27583
"2021-04-29 21:15:03.654000-07:00",0.99987839632635,94782766321.69952
"2021-04-29 21:20:03.845000-07:00",0.99994048670735,94986439565.88026
"2021-04-29 21:25:03.865000-07:00",1.00003394236956,95156296346.71803
"2021-04-29 21:30:04.235000-07:00",1.00007109422133,95319959085.36656
"2021-04-29 21:35:03.320000-07:00",0.99985859340976,95388750363.28137
"2021-04-29 21:40:04.305000-07:00",1.00002151527127,95541354954.74702
"2021-04-29 21:45:04.246000-07:00",0.99984379050431,95279849741.78316
"2021-04-29 21:50:04.242000-07:00",0.99981719013412,95051484935.55057
"2021-04-29 21:55:04.073000-07:00",0.99997604925276,94836735320.60919
"2021-04-29 22:00:04.208000-07:00",1.0001309205441,94851440947.666
"2021-04-29 22:05:03.770000-07:00",0.99984982213156,94785996414.4754
"2021-04-29 22:10:04.021000-07:00",1.0001878710891,94704528475.61339
"2021-04-29 22:15:04.226000-07:00",1.00015325234275,94641335515.44304
"2021-04-29 22:20:04.390000-07:00",0.99996261464239,94852738016.59953
"2021-04-29 22:25:05.795000-07:00",1.00002190880172,95118750778.29488
"2021-04-29 22:30:04.082000-07:00",1.00019331910655,95403475539.35567
"2021-04-29 22:35:04.350000-07:00",1.00016352950677,95526250280.68127
"2021-04-29 22:40:04.590000-07:00",1.00005149831448,95634339694.63959
"2021-04-29 22:45:04.059000-07:00",0.99986279440496,95389898499.71848
"2021-04-29 22:50:03.804000-07:00",0.99984033580222,95636030667.71762
"2021-04-29 22:55:03.983000-07:00",0.99980598018072,95794457446.82689
"2021-04-29 23:00:08.251000-07:00",1.00013582296723,95966925429.93114
"2021-04-29 23:05:03.905000-07:00",0.99981398235682,95956020392.3701
"2021-04-29 23:10:04.071000-07:00",1.00015394438311,96363202163.66687
"2021-04-29 23:15:03.983000-07:00",0.99991050379026,96349532883.40843
"2021-04-29 23:20:04.031000-07:00",1.00019889163763,96303269939.95633
"2021-04-29 23:25:04.128000-07:00",0.99989913971077,96225836720.69583
"2021-04-29 23:30:04.210000-07:00",1.00013898102495,96238341200.72571
"2021-04-29 23:35:04.380000-07:00",0.99999985335514,96277960785.23366
"2021-04-29 23:40:04.492000-07:00",1.00000278496875,96398056045.85129
"2021-04-29 23:45:03.833000-07:00",0.99982536824871,96561960950.1336
"2021-04-29 23:50:12.224000-07:00",0.99990005778955,96763245023.76749
"2021-04-29 23:55:04.387000-07:00",1.00019589078042,96897157772.38148
"2021-04-30 00:00:04.444000-07:00",0.99989287004691,96988750758.3604
"2021-04-30 00:05:03.432000-07:00",1.00018411721144,97045765143.63377
"2021-04-30 00:10:03.599000-07:00",1.00007532718012,96223358609.74625
"2021-04-30 00:15:03.582000-07:00",0.99997616471032,96292828922.27443
"2021-04-30 00:20:04.406000-07:00",1.00008029568054,96279557222.85733
"2021-04-30 00:25:04.225000-07:00",0.99990671067976,96315913887.29614
"2021-04-30 00:30:04.486000-07:00",0.99994081268655,96293304354.23505
"2021-04-30 00:35:03.536000-07:00",1.0001379191071,96331762906.48994
"2021-04-30 00:40:03.651000-07:00",1.00010462230026,96413521444.37389
"2021-04-30 00:45:04.315000-07:00",0.99998422920661,96427769165.76103
"2021-04-30 00:50:04.225000-07:00",0.99995511723366,96395709560.74957
"2021-04-30 00:55:06.526000-07:00",1.00019932917245,96443391018.26347
"2021-04-30 01:00:05.794000-07:00",1.00005113337548,96502900101.19647
"2021-04-30 01:05:10.975000-07:00",0.9999306350911,96472571593.32112
"2021-04-30 01:10:03.619000-07:00",0.9999774960704,96352379332.15964
"2021-04-30 01:15:05.453000-07:00",0.99984901627401,96216159562.3009
"2021-04-30 01:20:04.582000-07:00",0.99984190434094,96217254977.57222
"2021-04-30 01:25:04.267000-07:00",0.99986113750157,96193978757.40825
"2021-04-30 01:30:04.707000-07:00",0.99987996559597,96173831159.50531
"2021-04-30 01:35:05.646000-07:00",1.00013928399461,96104692614.49364
"2021-04-30 01:40:05.608000-07:00",1.00019841653733,95976941646.93744
"2021-04-30 01:45:03.990000-07:00",0.99985182927781,95940209504.47339
"2021-04-30 01:50:03.963000-07:00",1.00010085080353,95950770380.22928
"2021-04-30 01:55:03.916000-07:00",0.99992856107302,96236257188.48624
"2021-04-30 02:00:11.145000-07:00",1.00017449836135,96182030811.7595
"2021-04-30 02:05:03.443000-07:00",1.00009424035264,96168410483.93027
"2021-04-30 02:10:03.392000-07:00",0.99982950045919,96285297962.87598
"2021-04-30 02:15:04.191000-07:00",1.00018734028234,96262402511.07727
"2021-04-30 02:20:04.487000-07:00",0.99984694725034,96068757370.66815
"2021-04-30 02:25:06.197000-07:00",0.99988455580348,95776710091.65805
"2021-04-30 02:30:04.611000-07:00",1.00008623263399,95722068607.63873
"2021-04-30 02:35:03.756000-07:00",1.00002954094484,95527615167.43158
"2021-04-30 02:40:03.854000-07:00",0.99984159414408,95291468427.67401
"2021-04-30 02:45:03.928000-07:00",1.00004533945196,95163745679.10115
"2021-04-30 02:50:04.154000-07:00",1.0001591912236,95112192971.6735
"2021-04-30 02:55:04.490000-07:00",0.99998754226925,95095303893.5887
"2021-04-30 03:00:05.266000-07:00",0.99981816999901,95125020702.66753
"2021-04-30 03:05:04.661000-07:00",0.99987780034523,94951421149.59607
"2021-04-30 03:10:04.108000-07:00",0.99982136846145,94960844953.67963
"2021-04-30 03:15:04.094000-07:00",1.00013427917084,94859202909.26387
"2021-04-30 03:20:04.207000-07:00",1.00008068481307,94767417930.68846
"2021-04-30 03:25:05.245000-07:00",0.99981957753706,94652577633.50082
"2021-04-30 03:30:04.703000-07:00",1.00000370002326,94547458796.68816
"2021-04-30 03:35:04.012000-07:00",0.99985998332598,94419322954.63889
"2021-04-30 03:40:04.293000-07:00",1.00012028143614,94387937426.1446
"2021-04-30 03:45:04.491000-07:00",0.99990025743734,94265939563.16829
"2021-04-30 03:50:03.493000-07:00",0.99999969873279,94063539300.0596
"2021-04-30 03:55:03.574000-07:00",0.99989681438766,94046004474.69989
"2021-04-30 04:00:04.533000-07:00",0.99982613938177,93969839405.8022
"2021-04-30 04:05:04.102000-07:00",0.99980237809102,93900632237.1422
"2021-04-30 04:10:04.192000-07:00",0.99994773000183,93833834406.02597
"2021-04-30 04:15:04.079000-07:00",1.00012746115338,93976446865.0157
"2021-04-30 04:20:04.103000-07:00",0.99998449726355,93922997024.6727
"2021-04-30 04:25:03.933000-07:00",1.00006366196785,93893482844.85152
"2021-04-30 04:30:04.572000-07:00",0.99986268647675,93903004658.5655
"2021-04-30 04:35:03.722000-07:00",1.00015027392049,93820517333.4093
"2021-04-30 04:40:03.761000-07:00",1.00018829865781,93725803977.5193
"2021-04-30 04:45:03.651000-07:00",1.00016016510539,93635954922.65799
"2021-04-30 04:50:03.700000-07:00",1.0000694200311,93746051747.48537
"2021-04-30 04:55:03.670000-07:00",0.99982001807973,93796047759.45924
"2021-04-30 05:00:07.255000-07:00",0.99994029732825,94012437515.32805
"2021-04-30 05:05:03.684000-07:00",0.99997964622433,94234824341.93192
"2021-04-30 05:10:03.630000-07:00",0.99985918904793,94544367131.91249
"2021-04-30 05:15:03.622000-07:00",0.99993721367805,94682643445.17757
"2021-04-30 05:20:03.683000-07:00",1.00003167258962,94805467534.84972
"2021-04-30 05:25:03.577000-07:00",1.0000781986833,94800798434.97882
"2021-04-30 05:30:03.555000-07:00",1.00018462454784,94919882772.57582
"2021-04-30 05:35:03.516000-07:00",1.0001855627255,94796812169.61572
"2021-04-30 05:40:05.415000-07:00",1.00002600833803,94867204214.3743
"2021-04-30 05:45:04.432000-07:00",0.99980344424498,95015973928.33109
"2021-04-30 05:50:04.396000-07:00",0.99997901893582,95042634234.45888
"2021-04-30 05:55:04.238000-07:00",1.00008871868295,94958706253.21674
"2021-04-30 06:00:04.884000-07:00",1.00012947855972,94951372207.91205
"2021-04-30 06:05:05.942000-07:00",1.00005180583228,94765300269.74174
"2021-04-30 06:10:03.829000-07:00",0.99992848957092,94519918403.74226
"2021-04-30 06:15:03.671000-07:00",0.99980448651629,94502658207.18396
"2021-04-30 06:20:03.689000-07:00",1.00018498725773,94307297725.3075
"2021-04-30 06:25:03.733000-07:00",1.00008607107625,94406939430.32494
"2021-04-30 06:30:03.667000-07:00",1.00003650984321,94324688991.25465
"2021-04-30 06:35:03.770000-07:00",1.00012485928763,94409482939.63383
"2021-04-30 06:40:03.845000-07:00",0.99990848547825,94237032736.09085
"2021-04-30 06:45:03.726000-07:00",0.99984357467221,94234008367.78496
"2021-04-30 06:50:03.733000-07:00",0.99986640631962,94346278108.69107
"2021-04-30 06:55:03.653000-07:00",1.00018785088472,94508785012.1355
"2021-04-30 07:00:06.428000-07:00",0.99991851262177,94973208335.1363
"2021-04-30 07:05:04.347000-07:00",1.00018535361745,94958883863.9823
"2021-04-30 07:10:04.338000-07:00",1.00017884360493,95061857885.29099
"2021-04-30 07:15:04.157000-07:00",1.00007779926977,95657229931.2538
"2021-04-30 07:20:04.294000-07:00",0.99992046346657,95750438169.76817
"2021-04-30 07:25:04.220000-07:00",1.00014656725883,95984081178.70323
"2021-04-30 07:30:04.595000-07:00",0.9999936784615,96141339691.3434
"2021-04-30 07:35:05.379000-07:00",0.99980269275061,96329420651.24706
"2021-04-30 07:40:03.493000-07:00",1.00016692519201,96458902652.52463
"2021-04-30 07:45:04.418000-07:00",1.00010093267757,96565513600.64236
"2021-04-30 07:50:04.430000-07:00",0.9999568395554,96608566431.92703
"2021-04-30 07:55:04.333000-07:00",1.00013959506009,96713526711.93439
"2021-04-30 08:00:04.475000-07:00",0.99997114702725,96637449602.968
"2021-04-30 08:05:03.548000-07:00",1.00006659179196,96768554465.37062
"2021-04-30 08:10:03.516000-07:00",1.0001647043423,96896600885.90573
"2021-04-30 08:15:04.421000-07:00",1.00015600260651,96991499901.88129
"2021-04-30 08:20:03.615000-07:00",1.00008752558716,96850634245.42212
"2021-04-30 08:25:03.821000-07:00",0.99994756643942,96672803668.65279
"2021-04-30 08:30:06.370000-07:00",0.99991694156597,97060892952.57999
"2021-04-30 08:35:04.303000-07:00",1.00002144368166,97190577199.04561
"2021-04-30 08:40:04.828000-07:00",1.00013360754471,97327829853.49736
"2021-04-30 08:45:03.548000-07:00",0.99987544513111,97498065976.1757
"2021-04-30 08:50:03.503000-07:00",1.00012355895878,97661692296.20598
"2021-04-30 08:55:03.289000-07:00",0.99992962054395,97845587466.79607
"2021-04-30 09:00:04.564000-07:00",1.00004253263038,98121127591.37311
"2021-04-30 09:05:03.919000-07:00",0.99990738345022,98120439129.27827
"2021-04-30 09:10:03.945000-07:00",0.9999458697271,98553334335.47345
"2021-04-30 09:15:03.947000-07:00",0.99990046603863,98988985894.1096
"2021-04-30 09:20:04.032000-07:00",0.99990073081631,99224213082.16553
"2021-04-30 09:25:03.964000-07:00",1.00005413524188,99394866207.33183
"2021-04-30 09:30:04.815000-07:00",1.00012084225491,99470669944.57454
"2021-04-30 09:35:04.220000-07:00",1.00017292083831,99570529328.62286
"2021-04-30 09:40:04.329000-07:00",0.99997884561693,99861230754.44885
"2021-04-30 09:45:04.742000-07:00",0.99997795527572,99946810800.32031
"2021-04-30 09:50:03.836000-07:00",1.00003203560688,99757571336.18486
"2021-04-30 09:55:03.760000-07:00",1.0001585871784,99633906158.07387
"2021-04-30 10:00:05.184000-07:00",1.00011354538458,99427909180.76036
"2021-04-30 10:05:04.191000-07:00",1.00004428626165,98791200951.0281
"2021-04-30 10:10:04.144000-07:00",1.00008993661816,98436531523.82611
"2021-04-30 10:15:03.954000-07:00",0.99996952533315,98030094135.82231
"2021-04-30 10:20:03.997000-07:00",1.00007923156252,97776734871.332
"2021-04-30 10:25:04.015000-07:00",0.9999878104135,97435557712.27289
"2021-04-30 10:30:04.349000-07:00",1.0001337358356,97396739498.04247
"2021-04-30 10:35:03.740000-07:00",0.99983368168214,97479621555.07397
"2021-04-30 10:40:03.820000-07:00",1.00019335303338,97572422756.04723
"2021-04-30 10:45:03.789000-07:00",1.00016538911508,97547969765.59833
"2021-04-30 10:50:03.721000-07:00",1.0001267824519,97533235477.00136
"2021-04-30 10:55:03.502000-07:00",1.00006107551191,97504013459.40424
"2021-04-30 11:00:05.205000-07:00",1.00015186060569,97485330324.43137
"2021-04-30 11:05:04.331000-07:00",0.99998823925296,97094755277.25702
"2021-04-30 11:10:04.422000-07:00",1.00006636473125,96789027011.09659
"2021-04-30 11:15:04.286000-07:00",1.00016835668174,96723038149.968
"2021-04-30 11:20:04.345000-07:00",0.9998161924952,96607903335.65993
"2021-04-30 11:25:04.351000-07:00",0.99994361024733,96586371449.43314
"2021-04-30 11:30:04.363000-07:00",1.00009215674145,96660143618.39174
"2021-04-30 11:35:04.575000-07:00",0.99999352497746,96768796338.87787
"2021-04-30 11:40:03.667000-07:00",0.99992506087829,96964250263.75378
"2021-04-30 11:45:03.909000-07:00",0.99985302314896,97136610372.0316
"2021-04-30 11:50:04.005000-07:00",1.00001991953775,97158490970.38577
"2021-04-30 11:55:03.853000-07:00",0.99984675828387,97199279969.96823
"2021-04-30 12:00:04.045000-07:00",1.00002575686611,97095789283.31955
"2021-04-30 12:05:04.606000-07:00",0.99991168542308,97018272761.65721
"2021-04-30 12:10:03.804000-07:00",1.00003705773492,97058558726.64456
"2021-04-30 12:15:03.780000-07:00",0.99980031542448,97252758607.24516
"2021-04-30 12:20:03.824000-07:00",1.00009774281315,97272382397.18703
"2021-04-30 12:25:04.105000-07:00",0.99992999386727,96902208494.36845
"2021-04-30 12:30:04.471000-07:00",1.00001519699595,96946531725.66774
"2021-04-30 12:35:04.456000-07:00",0.99999299577973,96939084539.7303
"2021-04-30 12:40:03.662000-07:00",1.00015472144659,97394402514.21342
"2021-04-30 12:45:03.563000-07:00",0.99993224960487,97382859115.69952
"2021-04-30 12:50:03.466000-07:00",0.99992630839595,97352187259.40906
"2021-04-30 12:55:04.317000-07:00",0.99985021500672,97375863302.61711
"2021-04-30 13:00:04.558000-07:00",1.00006613320602,97446732090.87674
"2021-04-30 13:05:06.241000-07:00",0.99989176859558,97243950132.38245
"2021-04-30 13:10:04.037000-07:00",0.99981071475284,96687735982.85625
"2021-04-30 13:15:04.003000-07:00",1.00008217186811,96765873552.47012
"2021-04-30 13:20:04.165000-07:00",0.99997060412345,97152638399.81201
"2021-04-30 13:25:04.019000-07:00",1.00007248904653,96927794814.18652
"2021-04-30 13:30:04.698000-07:00",1.00013888472391,96836167010.16866
"2021-04-30 13:35:04.024000-07:00",0.9999181184187,97002710246.01605
"2021-04-30 13:40:04.043000-07:00",0.99995423332602,97077600220.83246
"2021-04-30 13:45:03.931000-07:00",0.99989645276028,96981796664.18643
"2021-04-30 13:50:04.120000-07:00",0.99992368581903,96814306734.0956
"2021-04-30 13:55:04.370000-07:00",1.0001819039258,96770217761.40613
"2021-04-30 14:00:05.372000-07:00",0.99985055463361,96750734758.83067
"2021-04-30 14:05:03.469000-07:00",0.9999959911033,96753664461.73317
"2021-04-30 14:10:03.495000-07:00",0.99980909409031,96774247815.8993
"2021-04-30 14:15:04.336000-07:00",0.99986354670425,96840038873.77141
"2021-04-30 14:20:04.577000-07:00",0.99999613793184,96792659014.50386
"2021-04-30 14:25:03.511000-07:00",0.99992342469352,96840683805.82535
"2021-04-30 14:30:03.621000-07:00",1.00002952753374,96798088856.1662
"2021-04-30 14:35:03.887000-07:00",1.00003592873104,96861215080.58878
"2021-04-30 14:40:04.093000-07:00",1.00012735846368,97011919008.23547
"2021-04-30 14:45:04.195000-07:00",1.00019831587959,97139258133.63344
"2021-04-30 14:50:04.192000-07:00",1.00003168774981,97207304767.36044
"2021-04-30 14:55:04.223000-07:00",1.00003049931775,97266311607.54085
"2021-04-30 15:00:08.037000-07:00",1.00018779328752,97365136981.14719
"2021-04-30 15:05:04.060000-07:00",1.00000363921571,97216317250.65816
"2021-04-30 15:10:04.370000-07:00",1.00008450761931,97196901435.99359
"2021-04-30 15:15:04.852000-07:00",1.00019702526859,97305914849.98897
"2021-04-30 15:20:04.332000-07:00",1.000176401288,97266988238.39355
"2021-04-30 15:25:04.722000-07:00",1.00011009329797,97242991559.88664
"2021-04-30 15:30:03.621000-07:00",0.99999716264681,97437033361.65535
"2021-04-30 15:35:03.786000-07:00",0.99991708080071,97481285789.99689
"2021-04-30 15:40:03.814000-07:00",1.00018588739577,97647785299.50996
"2021-04-30 15:45:03.846000-07:00",0.99982369018801,97785343282.51614
"2021-04-30 15:50:03.790000-07:00",1.00003165875619,97793784226.68578
"2021-04-30 15:55:03.811000-07:00",0.99990584069284,97727024325.70683
"2021-04-30 16:00:05.401000-07:00",1.0001499902267,97802593106.31433
"2021-04-30 16:05:03.685000-07:00",0.99999625059798,97795834461.06184
"2021-04-30 16:10:03.553000-07:00",1.00008302388553,97833906930.02228
"2021-04-30 16:15:03.658000-07:00",0.99981537944234,97926835796.53801
"2021-04-30 16:20:04.041000-07:00",1.00017829678289,98013663371.84525
"2021-04-30 16:25:04.017000-07:00",1.00006127138087,98099353583.63414
"2021-04-30 16:30:04.746000-07:00",1.00002928451555,98105323727.88554
"2021-04-30 16:35:04.162000-07:00",1.00005328609034,98325372882.14519
"2021-04-30 16:40:04.275000-07:00",1.00016300407232,98597692610.64616
"2021-04-30 16:45:04.222000-07:00",1.00017835899252,98796274322.42584
"2021-04-30 16:50:04.060000-07:00",0.99994604529241,98915258483.18588
"2021-04-30 16:55:03.875000-07:00",0.99988603788351,99115476878.66606
"2021-04-30 17:00:04.998000-07:00",0.99987433966956,99128473548.90103
"2021-04-30 17:05:03.461000-07:00",0.99994904138437,99148727307.74069
"2021-04-30 17:10:04.414000-07:00",0.99986875770719,99199768471.1247
"2021-04-30 17:15:04.257000-07:00",1.00002976402034,99384486828.45906
"2021-04-30 17:20:04.277000-07:00",1.00009253122051,99452242126.72678
"2021-04-30 17:25:04.110000-07:00",1.00008576124123,99424742502.22688
"2021-04-30 17:30:04.139000-07:00",1.00005887124638,99371287545.71019
"2021-04-30 17:35:04.108000-07:00",0.99990525890701,99185626769.7709
"2021-04-30 17:40:04.647000-07:00",0.99999821114465,98984125260.11037
"2021-04-30 17:45:03.796000-07:00",1.00004138034126,98894718406.39395
"2021-04-30 17:50:03.918000-07:00",0.99982028153437,98872396900.18187
"2021-04-30 17:55:04.232000-07:00",0.99987480991497,98868463750.58043
"2021-04-30 18:00:08.116000-07:00",0.99997185754316,98957924673.40485
"2021-04-30 18:05:03.401000-07:00",1.0000860096094,98742819557.47115
"2021-04-30 18:10:04.413000-07:00",1.00010789544168,98563228329.23457
"2021-04-30 18:15:04.518000-07:00",1.00004623799714,98688651214.69194
"2021-04-30 18:20:04.055000-07:00",1.00019715326217,98803792128.79279
"2021-04-30 18:25:04.405000-07:00",0.99991261987642,98899548508.77118
"2021-04-30 18:30:06.274000-07:00",0.99997911225842,98847201958.86458
"2021-04-30 18:35:03.484000-07:00",0.99983655538458,98804130262.83148
"2021-04-30 18:40:03.668000-07:00",0.99993974030391,98908671852.24716
"2021-04-30 18:45:03.740000-07:00",0.99988219422891,98792280662.58559
"2021-04-30 18:50:03.571000-07:00",0.99996987364437,98970553379.95268
"2021-04-30 18:55:03.495000-07:00",1.00001247981048,98924649626.05762
"2021-04-30 19:00:10.080000-07:00",0.99990521050253,99146264823.76933
"2021-04-30 19:05:04.329000-07:00",0.99994482185748,99318684615.6576
"2021-04-30 19:10:04.303000-07:00",1.00005723183454,99668182459.09814
"2021-04-30 19:15:04.132000-07:00",0.99990636605803,99810376191.78079
"2021-04-30 19:20:04.258000-07:00",1.00007686906742,99962835054.42474
"2021-04-30 19:25:04.118000-07:00",0.99982870898068,100209884111.47704
"2021-04-30 19:30:04.394000-07:00",0.99981355741244,100306327946.59012
"2021-04-30 19:35:03.486000-07:00",1.00015779620973,100353680062.42305
"2021-04-30 19:40:03.492000-07:00",0.99992258136572,100485704015.91165
"2021-04-30 19:45:04.371000-07:00",1.00015521295427,100538420419.25095
"2021-04-30 19:50:04.287000-07:00",0.99996313172992,100472648331.79704
"2021-04-30 19:55:04.255000-07:00",0.99990483199271,100488224531.05122
"2021-04-30 20:00:11.854000-07:00",0.9998652920513,100557022561.17624
"2021-04-30 20:05:03.863000-07:00",1.00000323840255,100538808538.73857
"2021-04-30 20:10:03.911000-07:00",1.00017108618459,100447405038.45454
"2021-04-30 20:15:04.035000-07:00",1.0001983857714,100383699360.59482
"2021-04-30 20:20:04.300000-07:00",1.00007582320868,100393880405.98734
"2021-04-30 20:25:04.301000-07:00",0.99988855736003,100428432156.89021
"2021-04-30 20:30:05.010000-07:00",1.00003973998287,100452199415.08243
"2021-04-30 20:35:04.348000-07:00",1.00003881484085,100467325379.07047
"2021-04-30 20:40:04.293000-07:00",1.00006985325049,100506174011.8377
"2021-04-30 20:45:04.149000-07:00",0.99982070275766,100429822823.48024
"2021-04-30 20:50:04.124000-07:00",1.00008272191364,100472792615.17882
"2021-04-30 20:55:04.018000-07:00",1.00005891231285,100527663934.20264
"2021-04-30 21:00:05.062000-07:00",1.00009037436754,100531586961.102
"2021-04-30 21:05:03.535000-07:00",0.99985125291585,100441147109.52249
"2021-04-30 21:10:03.796000-07:00",0.99982152838473,100275133922.09293
"2021-04-30 21:15:04.032000-07:00",1.00001212060756,100330689925.09947
"2021-04-30 21:20:04.389000-07:00",1.00006002010457,100191302320.84396
"2021-04-30 21:25:04.386000-07:00",1.00008058354588,100151918503.86981
"2021-04-30 21:30:08.151000-07:00",0.99989628246407,100091571729.26791
"2021-04-30 21:35:08.813000-07:00",0.99998285592572,100028593819.38002
"2021-04-30 21:40:08.642000-07:00",0.99988340268519,100013612070.6302
"2021-04-30 21:45:04.178000-07:00",0.99995792002064,100157555283.99605
"2021-04-30 21:50:06.017000-07:00",0.99983438739336,100309264019.36
"2021-04-30 21:55:03.804000-07:00",0.99997302992423,100446383828.40309
"2021-04-30 22:00:04.578000-07:00",0.99990091109657,100497600448.54755
"2021-04-30 22:05:03.548000-07:00",0.99994742292009,100318382973.70543
"2021-04-30 22:10:03.476000-07:00",0.99996949794387,100240308349.41577
"2021-04-30 22:15:03.760000-07:00",1.00006782395191,100324273883.9859
"2021-04-30 22:20:04.100000-07:00",1.00000973770602,100280207199.57475
"2021-04-30 22:25:04.353000-07:00",0.99999365991453,100441406090.20523
"2021-04-30 22:30:06.424000-07:00",0.99995329209648,100459212614.05241
"2021-04-30 22:35:04.243000-07:00",1.00015331330567,100416067554.63872
"2021-04-30 22:40:04.237000-07:00",1.00011236350556,100247342120.85045
"2021-04-30 22:45:04.533000-07:00",0.99998151744598,100071158137.5058
"2021-04-30 22:50:04.813000-07:00",1.00010530101747,99912194311.67905
"2021-04-30 22:55:04.049000-07:00",0.99987406028007,99734501490.84435
"2021-04-30 23:00:05.324000-07:00",1.00008481210016,99627084235.8293
"2021-04-30 23:05:03.815000-07:00",1.00007396716437,99358009996.34288
"2021-04-30 23:10:03.764000-07:00",0.99995448641969,99161149766.45317
"2021-04-30 23:15:03.797000-07:00",1.00010795793322,99066165727.53499
"2021-04-30 23:20:04.109000-07:00",1.00009496729502,99074507637.64774
"2021-04-30 23:25:04.214000-07:00",0.99992077910407,99040457894.60518
"2021-04-30 23:30:04.438000-07:00",1.00000690271752,99017998931.34988
"2021-04-30 23:35:03.463000-07:00",0.99989595862079,98971830944.87141
"2021-04-30 23:40:04.429000-07:00",1.00014069102875,98841546735.01726
"2021-04-30 23:45:04.284000-07:00",1.00001400803917,98694773865.30768
"2021-04-30 23:50:05.941000-07:00",1.00010018619259,98442670610.53665
"2021-04-30 23:55:05.064000-07:00",0.99982695091138,98341602423.89363
